1	2.52
2	2.74
3	2.96
4	2.84
5	1.9425
6	2.87
7	2.56
8	2.87
9	2.46
10	2.17
11	2.06
12	1.92
13	1.86
14	1.76
15	1.98
16	2.15
17	1.83
18	1.92
19	1.90
20	1.71
21	1.73
22	2.25
23	2.15
24	2.24
25	2.01
26	2.02
27	1.60
28	1.48
29	1.35
30	1.31
31	1.43
32	1.31
33	1.45
34	1.57
35	1.86
36	1.80
37	1.82
38	1.73
39	2.15
40	2.31
41	2.61
42	2.78
43	2.50
44	2.205
45	2.59
46	2.2075
47	2.22
48	2.87
49	2.92
50	2.79
51	2.85
52	2.57
53	2.43
54	2.33
55	2.19
56	2.20
57	2.10
58	2.52
59	2.70
60	2.73
61	2.77
62	2.90
63	2.57
64	2.55
65	2.22
66	2.59
67	2.46
68	2.57
69	2.55
70	2.46
71	2.48
72	2.56
73	2.73
74	2.30
75	2.21
76	2.02
77	2.11
78	2.01
79	2.09
80	1.9525
81	2.25
82	2.15
83	1.94
84	1.97
85	2.04
86	2.28
87	2.12
88	1.92
89	2.01
90	1.98
91	1.77
92	1.66
93	1.60
94	1.53
95	1.68
96	1.56
97	1.66
98	2.38
99	3.26
100	3.09
101	3
102	2.58
103	2.51
104	2.74
105	2.63
106	2.94
107	2.58
108	2.35
109	2.07
110	2.10
111	1.79
112	1.87
113	1.64
114	2.03
115	2.14
116	2.28
117	2.33
118	2.18
119	2.385
120	2.17
121	2.06
122	1.98
123	1.67
124	1.63
125	1.60
126	1.61
127	1.73
128	1.65
129	1.62
130	1.62
131	1.59
132	1.64
133	1.70
134	2.16
135	2.02
136	1.72
137	1.89
138	1.91
139	1.99
140	2.17
141	2.39
142	2.34
143	2.64
144	3.06
145	2.62
146	2.40
147	2.32
148	2.55
149	2.42
150	2.37
151	2.35
152	2.41
153	2.41
154	2.36
155	2.44
156	2.15
157	2.27
158	2.29
159	2.18
160	2.05
161	2.27
162	2.36
163	2.18
164	2.39
165	2.49
166	2.67
167	2.97
168	2.78
169	2.53
170	2.50
171	2.15
172	2.23
173	2.49
174	2.37
175	2.31
176	2.28
177	2.42
178	2.87
179	2.37
180	2.54
181	2.41
182	2.53
183	2.61
184	2.41
185	2.47
186	2.74
187	2.22
188	2.13
189	2.16
190	1.77
191	2.45
192	2.77
193	3.49
194	3.63
195	3.14
196	3.04
197	3.12
198	2.69
199	2.88
200	2.54
201	2.35
202	2.26
203	2.08
204	1.89
205	1.61
206	1.37
207	2.04
208	3.45
209	4.20
210	3.58
211	3.16
212	2.84
213	2.76
214	2.49
215	2.34
216	1.83
217	1.67
218	1.78
219	1.84
220	1.67
221	1.83
222	2.25
223	2.55
224	2.37
225	2.69
226	2.81
227	2.39
228	2.24
229	2.33
230	2.16
231	2.21
232	2.25
233	2.23
234	2.44
235	2.40
236	2.62
237	2.39
238	2.50
239	2.44
240	2.06
241	1.97
242	1.67
243	1.52
244	1.36
245	1.47
246	1.47
247	1.72
248	1.55
249	1.66
250	1.85
251	2.01
252	1.80
253	1.87
254	1.85
255	1.53
256	1.54
257	1.43
258	1.50
259	1.73
260	2.03
261	2.24
262	2.25
263	2.25
264	1.93
265	2.11
266	1.88
267	1.97
268	1.95
269	1.83
270	2.02
271	2.14
272	1.98
273	1.91
274	1.79
275	2.08
276	1.85
277	2.11
278	1.99
279	1.81
280	1.88
281	1.99
282	2.29
283	2.31
284	2.32
285	2.17
286	1.95
287	2.14
288	1.77
289	2.08
290	2.02
291	1.95
292	2.02
293	2.09
294	1.98
295	1.80
296	1.86
297	1.80
298	1.81
299	1.54
300	1.71
301	1.63
302	1.69
303	1.77
304	1.72
305	1.75
306	1.64
307	1.91
308	1.79
309	1.78
310	1.73
311	1.93
312	1.80
313	1.74
314	1.70
315	1.80
316	1.72
317	1.69
318	1.81
319	1.93
320	1.90
321	2.13
322	3.15
323	2.92
324	2.54
325	2.81
326	2.59
327	2.30
328	1.86
329	1.91
330	1.73
331	1.60
332	1.18
333	1.50
334	1.68
335	1.67
336	1.62
337	1.38
338	1.35
339	1.41
340	1.42
341	1.60
342	1.57
343	1.79
344	1.69
345	1.73
346	1.75
347	1.83
348	1.75
349	1.64
350	1.76
351	1.63
352	1.65
353	1.80
354	1.58
355	1.61
356	1.45
357	1.45
358	1.49
359	1.93
360	1.62
361	1.62
362	1.78
363	1.83
364	1.73
365	1.90
366	1.66
367	1.71
368	1.79
369	1.73
370	1.51
371	1.51
372	1.40
373	1.25
374	1.60
375	1.83
376	1.76
377	2.01
378	2.07
379	2.62
380	2.40
381	2.48
382	2.51
383	2.42
384	2.40
385	2.06
386	1.73
387	1.74
388	1.62
389	1.43
390	1.33
391	1.47
392	1.58
393	1.61
394	1.60
395	1.84
396	1.55
397	1.38
398	1.45
399	1.36
400	1.50
401	1.30
402	1.34
403	1.21
404	1.13
405	1.02
406	0.980
407	1.17
408	1.18
409	1.38
410	1.62
411	1.59
412	1.47
413	1.81
414	2.17
415	2.27
416	2.21
417	1.83
418	1.91
419	1.74
420	1.84
421	1.85
422	1.79
423	1.76
424	1.62
425	1.56
426	1.69
427	2
428	1.90
429	2.62
430	2.27
431	2.37
432	2.38
433	2.41
434	2.11
435	2.43
436	2.87
437	2.40
438	1.95
439	2.05
440	2.36
441	2.25
442	2.28
443	2.10
444	2.01
445	1.71
446	1.84
447	1.71
448	1.67
449	1.58
450	1.63
451	1.55
452	1.62
453	1.53
454	1.38
455	1.39
456	1.40
457	1.71
458	2.16
459	2.12
460	2.51
461	2.25
462	2.10
463	2.25
464	2.28
465	2.42
466	2.44
467	2.46
468	2.82
469	2.40
470	3.13
471	2.54
472	2.46
473	2.24
474	2.31
475	2.04
476	2.10
477	1.83
478	1.86
479	2.11
480	2.05
481	1.95
482	2.06
483	1.88
484	1.77
485	1.57
486	1.52
487	1.28
488	1.46
489	1.21
490	1.17
491	1.09
492	0.960
493	0.900
494	1.38
495	1.86
496	2.15
497	2.15
498	2.50
499	2.24
500	1.89
501	1.70
502	1.59
503	1.61
504	1.54
505	1.73
506	1.60
507	1.84
508	1.90
509	1.75
510	1.70
511	1.59
512	1.53
513	1.46
514	1.57
515	1.56
516	1.42
517	1.19
518	1.10
519	1.05
520	1.03
521	1.03
522	1.20
523	1.47
524	1.49
525	1.47
526	1.61
527	1.93
528	2.34
529	2.30
530	1.97
531	1.91
532	1.73
533	1.84
534	1.83
535	1.97
536	2.04
537	1.98
538	2.01
539	1.68
540	1.71
541	1.60
542	1.55
543	1.31
544	1.21
545	1.27
546	1.38
547	1.12
548	1.21
549	1.42
550	1.56
551	1.69
552	1.49
553	1.50
554	1.54
555	1.66
556	1.64
557	1.56
558	1.53
559	1.61
560	1.62
561	1.69
562	1.76
563	1.58
564	1.50
565	1.38
566	1.49
567	1.47
568	1.30
569	1.18
570	1.21
571	1.08
572	1.16
573	0.980
574	0.970
575	0.900
576	1
577	1.03
578	0.950
579	0.950
580	1.22
581	1.13
582	1.27
583	1.28
584	1.40
585	1.29
586	1.23
587	1.33
588	1.36
589	1.29
590	1.49
591	1.26
592	1.28
593	1.13
594	1.35
595	1.21
596	1.31
597	1.35
598	1.32
599	1.24
600	1.21
601	1.41
602	1.34
603	1.30
604	1.25
605	1.43
606	1.42
607	1.29
608	1.32
609	1.36
610	1.25
611	1.26
612	1.17
613	1.18
614	1.08
615	1.11
616	1.01
617	1
618	0.980
619	0.950
620	0.940
621	0.910
622	0.910
623	1.02
624	1.04
625	1.09
626	1.14
627	0.980
628	0.980
629	1.19
630	0.950
631	1.09
632	1.02
633	0.960
634	1.05
635	1.25
636	1.24
637	1.19
638	1.22
639	1.34
640	1.71
641	1.61
642	1.47
643	1.41
644	1.39
645	1.58
646	1.49
647	1.32
648	1.33
649	1.35
650	1.25
651	1.34
652	1.28
653	1.15
654	1.09
655	1.05
656	0.940
657	0.960
658	1.06
659	1.04
660	1.08
661	1.05
662	1.33
663	1.28
664	1.33
665	1.34
666	1.45
667	1.50
668	1.52
669	1.37
670	1.37
671	1.56
672	1.62
673	1.80
674	1.55
675	1.65
676	1.61
677	1.65
678	1.63
679	1.62
680	1.63
681	1.67
682	1.55
683	1.71
684	1.46
685	1.44
686	1.39
687	1.44
688	1.39
689	1.41
690	1.40
691	1.54
692	1.35
693	1.31
694	1.26
695	1.31
696	1.25
697	1.29
698	1.33
699	1.32
700	1.41
701	1.38
702	1.43
703	1.39
704	1.64
705	1.43
706	1.57
707	1.69
708	1.72
709	1.93
710	1.98
711	2.11
712	2.06
713	2.16
714	2.02
715	1.98
716	2.06
717	2.30
718	2.10
719	1.96
720	1.88
721	1.76
722	1.76
723	1.88
724	1.84
725	1.73
726	1.76
727	1.80
728	1.78
729	1.77
730	1.64
731	1.84
732	1.77
733	2.10
734	1.95
735	2.22
736	1.94
737	2.20
738	1.86
739	1.78
740	1.75
741	1.73
742	1.65
743	1.65
744	1.48
745	1.52
746	1.60
747	1.49
748	1.44
749	1.54
750	1.78
751	1.96
752	1.77
753	1.68
754	1.80
755	1.66
756	1.56
757	1.66
758	1.91
759	1.80
760	1.71
761	1.64
762	1.67
763	1.59
764	1.39
765	1.30
766	1.57
767	1.65
768	1.53
769	1.52
770	1.56
771	1.47
772	1.41
773	1.34
774	1.40
775	1.27
776	1.18
777	1.25
778	1.31
779	1.17
780	1.22
781	1.19
782	1.10
783	1.16
784	1.03
785	1.21
786	1.26
787	1.40
788	1.43
789	1.54
790	1.55
791	1.69
792	1.71
793	1.87
794	2.06
795	2.46
796	2.26
797	1.89
798	1.71
799	1.73
800	1.72
801	1.47
802	1.49
803	1.56
804	1.68
805	1.46
806	1.46
807	1.69
808	1.84
809	1.85
810	1.91
811	1.99
812	2.04
813	2.34
814	2.73
815	2.49
816	2.39
817	2.33
818	2.32
819	2.16
820	1.97
821	1.86
822	1.77
823	1.67
824	1.65
825	1.51
826	1.61
827	1.58
828	1.50
829	1.55
830	1.61
831	1.68
832	1.66
833	1.63
834	1.47
835	1.91
836	1.95
837	1.66
838	1.53
839	1.67
840	1.93
841	1.71
842	1.80
843	1.75
844	1.75
845	1.82
846	1.92
847	2.15
848	2.17
849	2.32
850	2.12
851	2.16
852	2.19
853	2.48
854	2.22
855	2.11
856	1.94
857	2.07
858	2.14
859	2.12
860	1.97
861	1.86
862	1.78
863	1.97
864	1.91
865	1.90
866	2.03
867	1.88
868	1.91
869	1.91
870	1.85
871	1.81
872	1.88
873	1.84
874	1.63
875	1.58
876	1.24
877	1.40
878	1.25
879	1.15
880	1.14
881	1.04
882	1.25
883	1.44
884	1.53
885	1.58
886	1.47
887	1.28
888	1.28
889	1.18
890	1.24
891	1.17
892	1.15
893	1.04
894	1.10
895	1.02
896	1.11
897	1.01
898	1
899	0.900
900	0.840
901	0.870
902	1.02
903	1.50
904	1.68
905	1.55
906	1.51
907	1.60
908	1.80
909	1.80
910	1.88
911	2.20
912	2.55
913	2.47
914	2.35
915	2.12
916	2.55
917	2.28
918	1.91
919	1.94
920	1.63
921	1.71
922	1.55
923	1.47
924	1.50
925	1.33
926	1.57
927	1.65
928	1.96
929	2.35
930	2.51
931	2.90
932	2.93
933	2.59
934	2.42
935	2.25
936	2
937	1.80
938	1.87
939	1.77
940	1.70
941	1.60
942	1.45
943	1.53
944	1.62
945	1.46
946	1.42
947	1.46
948	1.39
949	1.34
950	1.14
951	1.22
952	1.45
953	1.50
954	1.59
955	1.39
956	1.32
957	1.20
958	1.42
959	1.37
960	1.32
961	1.43
962	1.74
963	2.07
964	1.88
965	1.76
966	1.71
967	1.58
968	1.51
969	1.39
970	1.37
971	1.23
972	1.20
973	1.10
974	1.28
975	1.24
976	1.26
977	1.28
978	1.26
979	1.27
980	1.64
981	2.58
982	4.05
983	4.31
984	4.24
985	4.86
986	7.86
987	8.98
988	3.89
989	3.75
990	3.71
991	2.95
992	2.44
993	2.08
994	1.85
995	1.63
996	2.08
997	2
998	1.93
999	2.12
1000	2.24
1001	2.62
1002	2.40
1003	1.83
1004	1.63
1005	1.65
1006	1.87
1007	2.04
1008	2.09
1009	1.90
1010	2.44
1011	2.19
1012	2.54
1013	2.47
1014	2.31
1015	2.20
1016	2.31
1017	2.65
1018	2.23
1019	2.13
1020	1.83
1021	1.94
1022	2.11
1023	1.96
1024	2.51
1025	2.05
1026	1.87
1027	1.81
1028	1.80
1029	1.78
1030	1.49
1031	1.36
1032	1.18
1033	1.32
1034	1.39
1035	1.31
1036	1.16
1037	1.24
1038	1.33
1039	1.37
1040	1.52
1041	1.32
1042	1.33
1043	1.29
1044	1.17
1045	1.27
1046	1.27
1047	1.20
1048	1.22
1049	1.32
1050	1.41
1051	1.23
1052	1.17
1053	1.43
1054	1.99
1055	2.16
1056	2.07
1057	1.96
1058	2.01
1059	2.36
1060	2.39
1061	2.21
1062	2.51
1063	2.67
1064	3.01
1065	3.25
1066	3.23
1067	3.29
1068	3.51
1069	3.41
1070	2.96
1071	2.74
1072	2.71
1073	2.38
1074	2.18
1075	2.14
1076	2.14
1077	2.10
1078	1.82
1079	1.44
1080	1.44
1081	1.28
1082	1.57
1083	1.59
1084	1.79
1085	2.79
1086	2.84
1087	3.23
1088	3
1089	2.70
1090	2.29
1091	2.60
1092	2.35
1093	2.29
1094	2.01
1095	1.92
1096	1.66
1097	1.63
1098	1.35
1099	1.48
1100	1.75
1101	1.80
1102	1.89
1103	1.84
1104	1.60
1105	1.57
1106	1.37
1107	1.37
1108	1.41
1109	1.46
1110	1.49
1111	1.65
1112	1.45
1113	1.26
1114	1.18
1115	1.09
1116	1.13
1117	1.24
1118	1.06
1119	1.10
1120	1.09
1121	1.96
1122	1.63
1123	1.77
1124	2.21
1125	3.16
1126	2.02
1127	2.10
1128	1.96
1129	2.39
1130	2.37
1131	1.88
1132	1.99
1133	2.16
1134	2.41
1135	2.52
1136	2.16
1137	1.97
1138	1.83
1139	1.68
1140	1.74
1141	1.83
1142	1.58
1143	1.42
1144	1.55
1145	1.65
1146	1.52
1147	1.51
1148	1.42
1149	1.63
1150	1.77
1151	1.76
1152	1.63
1153	1.65
1154	1.83
1155	1.71
1156	1.47
1157	1.39
1158	1.45
1159	1.50
1160	1.42
1161	1.57
1162	1.56
1163	1.83
1164	1.73
1165	1.75
1166	1.55
1167	1.63
1168	1.70
1169	1.62
1170	1.73
1171	1.98
1172	1.81
1173	1.77
1174	1.66
1175	1.85
1176	1.74
1177	1.78
1178	1.80
1179	1.76
1180	2.05
1181	2.29
1182	2.18
1183	2.10
1184	1.86
1185	1.56
1186	1.77
1187	1.87
1188	1.85
1189	2
1190	1.92
1191	1.93
1192	1.60
1193	1.61
1194	1.45
1195	1.28
1196	1.39
1197	1.24
1198	1.29
1199	1.22
1200	1.45
1201	2.52
1202	3.06
1203	2.58
1204	2.98
1205	2.57
1206	2.13
1207	2.07
1208	2
1209	1.99
1210	1.99
1211	1.86
1212	2.18
1213	2.11
1214	1.96
1215	1.96
1216	1.89
1217	2.31
1218	2.76
1219	2.47
1220	2.25
1221	2.26
1222	2.33
1223	2.32
1224	1.99
1225	1.90
1226	1.69
1227	1.79
1228	1.70
1229	1.58
1230	1.81
1231	1.99
1232	2.20
1233	2.09
1234	2.12
1235	1.99
1236	1.89
1237	2.01
1238	1.79
1239	1.63
1240	1.52
1241	1.41
1242	1.52
1243	1.35
1244	1.78
1245	2.69
1246	2.70
1247	2.63
1248	2.10
1249	2.28
1250	2.44
1251	2.38
1252	2.57
1253	2.52
1254	2.58
1255	2.31
1256	2.33
1257	2.22
1258	2
1259	2.05
1260	1.78
1261	1.75
1262	1.93
1263	1.87
1264	1.81
1265	2.01
1266	2.05
1267	2.11
1268	1.93
1269	1.79
1270	2.11
1271	2.07
1272	1.99
1273	2.13
1274	2.27
1275	2.47
1276	2.40
1277	2.44
1278	2.39
1279	2.23
1280	2.28
1281	2.42
1282	2.51
1283	2.27
1284	2.32
1285	2.72
1286	2.20
1287	1.97
1288	1.73
1289	1.92
1290	1.73
1291	1.86
1292	1.80
1293	1.88
1294	2.02
1295	2.07
1296	2.35
1297	2.26
1298	3.13
1299	2.65
1300	2.68
1301	2.92
1302	2.59
1303	2.40
1304	2.25
1305	2.39
1306	2.30
1307	1.95
1308	1.85
1309	2
1310	1.93
1311	1.85
1312	1.49
1313	1.59
1314	1.47
1315	1.44
1316	1.58
1317	1.63
1318	1.25
1319	1.35
1320	1.31
1321	1.54
1322	1.88
1323	2.06
1324	1.89
1325	2.19
1326	2.12
1327	2.31
1328	2.22
1329	2.37
1330	2.27
1331	2.23
1332	2.64
1333	2.89
1334	3.65
1335	2.99
1336	2.57
1337	2.46
1338	2.57
1339	2.31
1340	2.22
1341	2.12
1342	1.89
1343	2.32
1344	2.01
1345	2.16
1346	1.95
1347	2.13
1348	2.25
1349	2.25
1350	2.19
1351	2.13
1352	2.04
1353	2.03
1354	1.94
1355	2.12
1356	2.14
1357	2.41
1358	2.70
1359	3.01
1360	2.83
1361	2.72
1362	2.80
1363	2.92
1364	2.98
1365	3.22
1366	3.23
1367	3.02
1368	2.93
1369	3.09
1370	3.08
1371	3.12
1372	2.68
1373	2.87
1374	2.64
1375	2.32
1376	2.46
1377	2.34
1378	2.33
1379	2.72
1380	2.73
1381	2.98
1382	3
1383	2.74
1384	2.88
1385	2.69
1386	2.45
1387	2.70
1388	2.22
1389	2.40
1390	2.12
1391	2.58
1392	2.36
1393	2.21
1394	2
1395	2.69
1396	2.58
1397	3.12
1398	3.34
1399	3.09
1400	3.56
1401	3.40
1402	3.39
1403	3.72
1404	3.62
1405	3.65
1406	3.23
1407	2.73
1408	2.84
1409	2.66
1410	2.52
1411	2.13
1412	1.79
1413	1.98
1414	2.17
1415	3.63
1416	3.10
1417	3.47
1418	4.61
1419	4.57
1420	4.02
1421	3.89
1422	3.66
1423	3.43
1424	3.30
1425	3
1426	3.02
1427	2.63
1428	2.78
1429	2.58
1430	2.88
1431	2.40
1432	2.28
1433	2
1434	1.94
1435	1.77
1436	1.61
1437	1.59
1438	1.52
1439	1.52
1440	1.30
1441	1.33
1442	1.25
1443	1.25
1444	1.52
1445	1.74
1446	1.53
1447	1.97
1448	2.93
1449	3.66
1450	3.87
1451	3.46
1452	2.88
1453	2.90
1454	2.49
1455	2.19
1456	2.13
1457	2.28
1458	2.29
1459	2.80
1460	2.96
1461	3.12
1462	3.18
1463	2.89
1464	3.43
1465	3
1466	2.66
1467	2.55
1468	2.47
1469	2.94
1470	2.65
1471	2.52
1472	2.65
1473	2.60
1474	2.62
1475	2.50
1476	2.45
1477	2.26
1478	2.54
1479	3.17
1480	3.58
1481	3.75
1482	3.41
1483	3.51
1484	3.12
1485	2.64
1486	2.32
1487	2.84
1488	2.50
1489	2.35
1490	2.11
1491	2.03
1492	2.30
1493	1.94
1494	1.59
1495	1.50
1496	1.38
1497	1.36
1498	1.39
1499	1.24
1500	1.27
1501	1.19
1502	1.33
1503	1.17
1504	1.09
1505	1.09
1506	1.30
1507	1.40
1508	1.45
1509	1.72
1510	1.95
1511	2.29
1512	2.37
1513	2.26
1514	2.35
1515	2.53
1516	2.43
1517	2.31
1518	2.34
1519	2.39
1520	2.15
1521	2.03
1522	1.96
1523	2.02
1524	2.02
1525	1.84
1526	2.04
1527	2.87
1528	3.19
1529	3.32
1530	3.41
1531	3.64
1532	3.40
1533	3.21
1534	3.44
1535	3
1536	2.90
1537	2.52
1538	2.76
1539	2.59
1540	2.28
1541	2.28
1542	1.79
1543	1.76
1544	1.58
1545	1.72
1546	1.89
1547	2.14
1548	2.27
1549	2.07
1550	1.95
1551	1.85
1552	1.82
1553	1.79
1554	1.97
1555	1.77
1556	1.94
1557	2.04
1558	2.20
1559	2.03
1560	2.07
1561	1.95
1562	1.82
1563	1.67
1564	1.83
1565	1.83
1566	1.88
1567	1.78
1568	1.94
1569	1.78
1570	1.73
1571	1.60
1572	1.90
1573	1.83
1574	2.01
1575	2.12
1576	2.22
1577	2.21
1578	2.23
1579	2.10
1580	2.28
1581	2.40
1582	2.52
1583	2.80
1584	2.66
1585	2.46
1586	2.25
1587	2.44
1588	2.15
1589	2.51
1590	2.18
1591	2.20
1592	2.17
1593	1.99
1594	1.94
1595	1.72
1596	1.74
1597	1.50
1598	1.55
1599	1.43
1600	1.70
1601	1.41
1602	1.68
1603	2.76
1604	3.65
1605	3.44
1606	3.54
1607	3.07
1608	2.74
1609	2.79
1610	2.60
1611	2.30
1612	2.34
1613	2.12
1614	2.27
1615	2.46
1616	2.38
1617	2.50
1618	2.55
1619	2.29
1620	2.42
1621	2.20
1622	2.21
1623	2.27
1624	2.40
1625	2.17
1626	2.14
1627	2.30
1628	2.28
1629	2.17
1630	2.05
1631	2.08
1632	2.13
1633	2
1634	2.01
1635	1.75
1636	1.70
1637	1.54
1638	3.04
1639	3.37
1640	3.28
1641	3.17
1642	3
1643	2.56
1644	2.44
1645	2.09
1646	2.11
1647	2.01
1648	2.02
1649	1.79
1650	1.54
1651	1.36
1652	1.46
1653	1.64
1654	1.47
1655	1.44
1656	1.44
1657	1.57
1658	1.63
1659	1.48
1660	1.53
1661	1.47
1662	1.36
1663	1.39
1664	1.47
1665	1.47
1666	1.55
1667	1.51
1668	1.39
1669	1.20
1670	1.07
1671	1.97
1672	3.05
1673	2.85
1674	3.41
1675	3.59
1676	2.86
1677	2.73
1678	2.64
1679	2.62
1680	2.30
1681	2.49
1682	2.27
1683	2.29
1684	2.27
1685	2.33
1686	2.15
1687	1.98
1688	2.07
1689	1.94
1690	2.09
1691	2.38
1692	2.41
1693	2.54
1694	3.32
1695	3.65
1696	3.39
1697	3.04
1698	3.05
1699	2.65
1700	2.83
1701	2.56
1702	2.58
1703	2.09
1704	2.10
1705	1.88
1706	2.09
1707	1.92
1708	2.29
1709	2.37
1710	2.33
1711	2.11
1712	2.16
1713	2.09
1714	2.18
1715	2.44
1716	2.49
1717	2.65
1718	2.56
1719	2.70
1720	2.82
1721	2.71
1722	2.64
1723	2.50
1724	2.70
1725	2.59
1726	2.78
1727	2.56
1728	2.67
1729	2.73
1730	3.04
1731	3.09
1732	3.55
1733	3.42
1734	4.26
1735	4.20
1736	3.50
1737	3.53
1738	3.49
1739	3.16
1740	2.70
1741	2.35
1742	2.29
1743	2.32
1744	2.13
1745	1.97
1746	1.84
1747	1.87
1748	1.80
1749	2.10
1750	2.28
1751	3.59
1752	2.99
1753	2.77
1754	2.61
1755	2.64
1756	2.33
1757	2.38
1758	2.58
1759	2.74
1760	2.50
1761	2.32
1762	2.06
1763	1.82
1764	1.73
1765	1.66
1766	1.51
1767	1.47
1768	1.33
1769	1.37
1770	1.45
1771	1.44
1772	1.42
1773	1.49
1774	1.63
1775	1.39
1776	1.41
1777	1.40
1778	1.86
1779	1.74
1780	1.92
1781	2.20
1782	2.34
1783	2.63
1784	2.61
1785	2.68
1786	2.76
1787	2.80
1788	2.95
1789	2.60
1790	2.29
1791	1.95
1792	1.96
1793	1.82
1794	1.72
1795	1.59
1796	1.61
1797	1.70
1798	1.72
1799	1.72
1800	1.70
1801	1.48
1802	1.64
1803	1.72
1804	1.82
1805	1.79
1806	1.71
1807	1.72
1808	1.56
1809	1.44
1810	1.20
1811	1.19
1812	1.31
1813	1.91
1814	2.07
1815	3.31
1816	2.81
1817	2.72
1818	2.57
1819	2.45
1820	1.99
1821	1.76
1822	1.68
1823	1.38
1824	1.53
1825	1.68
1826	1.51
1827	1.44
1828	1.35
1829	1.29
1830	1.21
1831	1.13
1832	1.08
1833	0.970
1834	0.900
1835	1.10
1836	1.30
1837	1.34
1838	1.47
1839	1.50
1840	2.55
1841	3.41
1842	3.63
1843	3.51
1844	3.69
1845	2.58
1846	2.27
1847	2.12
1848	1.77
1849	1.62
1850	1.51
1851	1.32
1852	1.33
1853	1.26
1854	1.26
1855	1.33
1856	1.26
1857	1.22
1858	1.25
1859	1.38
1860	1.56
1861	1.75
1862	1.92
1863	2.01
1864	1.76
1865	1.76
1866	1.75
1867	1.60
1868	1.65
1869	1.77
1870	2
1871	2.02
1872	2.10
1873	2.24
1874	2.02
1875	1.86
1876	1.83
1877	1.62
1878	1.41
1879	1.46
1880	1.50
1881	1.75
1882	2.68
1883	3.23
1884	2.84
1885	2.62
1886	2.65
1887	2.65
1888	2.42
1889	2.41
1890	2.14
1891	2.13
1892	2.05
1893	2.30
1894	2.55
1895	2.07
1896	1.44
1897	1.50
1898	1.49
1899	1.36
1900	1.42
1901	1.53
1902	1.66
1903	1.54
1904	1.32
1905	1.35
1906	1.21
1907	1.27
1908	1.21
1909	1.19
1910	1.13
1911	1.20
1912	1.31
1913	1.19
1914	1.17
1915	1.21
1916	1.15
1917	1.16
1918	1.21
1919	1.10
1920	1.17
1921	0.990
1922	1.02
1923	0.960
1924	1.05
1925	1
1926	0.980
1927	1.15
1928	1.37
1929	1.29
1930	1.70
1931	1.76
1932	1.81
1933	1.97
1934	2.21
1935	2.34
1936	1.89
1937	2.05
1938	2.13
1939	2.35
1940	2.29
1941	2.02
1942	2.05
1943	2.16
1944	1.98
1945	2.02
1946	1.71
1947	1.68
1948	1.72
1949	1.68
1950	1.70
1951	1.71
1952	1.60
1953	1.60
1954	1.44
1955	1.40
1956	1.40
1957	1.30
1958	1.26
1959	1.17
1960	1.14
1961	1.15
1962	1.10
1963	1.11
1964	1.08
1965	1.13
1966	1.09
1967	1.17
1968	1.31
1969	1.37
1970	1.35
1971	1.43
1972	1.31
1973	1.23
1974	1.26
1975	1.15
1976	1.27
1977	1.22
1978	1.13
1979	1.29
1980	1.56
1981	1.54
1982	1.53
1983	1.49
1984	1.67
1985	1.97
1986	1.78
1987	1.67
1988	1.76
1989	2.08
1990	1.90
1991	1.87
1992	1.88
1993	1.78
1994	1.76
1995	1.90
1996	1.99
1997	1.81
1998	1.83
1999	1.79
2000	1.79
2001	1.82
2002	1.96
2003	1.91
2004	2.02
2005	2.25
2006	2.41
2007	2.28
2008	2.31
2009	2.14
2010	2.06
2011	2.07
2012	2.14
2013	2.11
2014	2.08
2015	2.08
2016	2.31
2017	2.58
2018	2.44
2019	2.32
2020	2.51
2021	2.41
2022	2.38
2023	2.53
2024	2.05
2025	2.36
2026	2.74
2027	2.72
2028	2.31
2029	2.51
2030	2.48
2031	2.27
2032	2.23
2033	2.42
2034	2.21
2035	2.09
2036	2
2037	2.07
2038	2.22
2039	2
2040	1.78
2041	1.66
2042	1.79
2043	1.95
2044	2.01
2045	1.78
2046	1.70
2047	1.56
2048	1.39
2049	1.23
2050	1.21
2051	1.18
2052	1.19
2053	1.08
2054	1.06
2055	1.13
2056	1
2057	1
2058	1.05
2059	1.08
2060	1.16
2061	1.18
2062	1.26
2063	1.17
2064	1.19
2065	1.27
2066	1.21
2067	1.25
2068	1.32
2069	1.29
2070	1.19
2071	1.12
2072	1.26
2073	1.22
2074	1.28
2075	1.35
2076	1.29
2077	1.23
2078	1.15
2079	1.12
2080	1.06
2081	1.05
2082	1.06
2083	0.950
2084	1.14
2085	1.05
2086	1.18
2087	1.06
2088	1.23
2089	1.06
2090	1.14
2091	1.46
2092	1.35
2093	1.32
2094	1.43
2095	1.44
2096	1.53
2097	1.69
2098	1.62
2099	1.72
2100	1.55
2101	1.42
2102	1.46
2103	1.35
2104	1.34
2105	1.34
2106	1.39
2107	1.31
2108	1.31
2109	1.27
2110	1.25
2111	1.29
2112	1.22
2113	1.41
2114	1.36
2115	1.24
2116	1.23
2117	1.20
2118	1.18
2119	1.19
2120	1.17
2121	1.22
2122	1.28
2123	1.20
2124	1.27
2125	1.30
2126	1.36
2127	1.35
2128	1.37
2129	1.19
2130	1.23
2131	1.04
2132	1.26
2133	1.19
2134	1.21
2135	1.34
2136	1.44
2137	1.50
2138	1.53
2139	1.74
2140	1.90
2141	1.70
2142	1.84
2143	1.79
2144	1.78
2145	1.85
2146	2.14
2147	1.83
2148	1.71
2149	1.78
2150	1.72
2151	1.74
2152	1.53
2153	1.56
2154	1.43
2155	1.45
2156	1.32
2157	1.21
2158	1.11
2159	1.24
2160	0.980
2161	0.910
2162	0.910
2163	0.970
2164	1
2165	0.950
2166	0.820
2167	0.840
2168	0.940
2169	1.01
2170	1.01
2171	1.09
2172	1.15
2173	1.02
2174	0.990
2175	0.900
2176	1.12
2177	1.07
2178	1
2179	1.04
2180	1.03
2181	1.10
2182	0.920
2183	0.960
2184	1.01
2185	1.01
2186	1.10
2187	1.24
2188	1.45
2189	1.57
2190	1.61
2191	1.72
2192	1.73
2193	1.70
2194	1.88
2195	1.75
2196	1.86
2197	1.73
2198	1.82
2199	1.89
2200	1.85
2201	1.76
2202	1.88
2203	2.10
2204	2.11
2205	1.95
2206	1.93
2207	1.90
2208	1.83
2209	1.88
2210	1.93
2211	1.51
2212	1.64
2213	1.69
2214	1.93
2215	1.75
2216	1.77
2217	1.79
2218	1.86
2219	1.90
2220	1.71
2221	1.71
2222	1.61
2223	1.55
2224	1.59
2225	1.52
2226	1.78
2227	1.75
2228	1.60
2229	1.63
2230	1.75
2231	1.77
2232	1.85
2233	1.96
2234	1.96
2235	2.04
2236	2.32
2237	2.28
2238	2.07
2239	2.19
2240	2.33
2241	2.15
2242	2.28
2243	2.43
2244	2.24
2245	2.49
2246	2.28
2247	2.36
2248	2.31
2249	2.19
2250	2.11
2251	1.91
2252	1.71
2253	1.50
2254	1.58
2255	1.57
2256	1.33
2257	1.27
2258	1.38
2259	1.69
2260	1.76
2261	2.01
2262	2.08
2263	2.43
2264	2.32
2265	2.50
2266	2.64
2267	2.60
2268	2.48
2269	2.64
2270	2.44
2271	2.36
2272	2.19
2273	1.89
2274	2
2275	1.90
2276	1.78
2277	1.82
2278	2.03
2279	1.77
2280	1.86
2281	1.68
2282	1.60
2283	1.51
2284	1.46
2285	1.50
2286	1.26
2287	1.16
2288	1.16
2289	1.20
2290	1.08
2291	1.12
2292	1.21
2293	1.19
2294	1.48
2295	1.51
2296	1.68
2297	1.76
2298	1.92
2299	1.70
2300	1.61
2301	1.58
2302	1.83
2303	1.87
2304	1.78
2305	1.95
2306	2.22
2307	2.07
2308	2.07
2309	1.97
2310	1.90
2311	1.79
2312	1.65
2313	1.51
2314	1.41
2315	1.23
2316	1.19
2317	1.06
2318	1
2319	0.980
2320	1.03
2321	1.04
2322	1.31
2323	1.28
2324	1.42
2325	1.54
2326	1.74
2327	1.61
2328	1.53
2329	1.39
2330	1.36
2331	1.25
2332	1.25
2333	1.28
2334	1.15
2335	1.20
2336	1.38
2337	1.35
2338	1.44
2339	1.49
2340	1.55
2341	1.82
2342	1.85
2343	2.22
2344	2.24
2345	2.64
2346	2.56
2347	2.09
2348	2
2349	1.75
2350	1.72
2351	1.54
2352	1.50
2353	1.41
2354	1.70
2355	1.60
2356	1.64
2357	1.76
2358	1.70
2359	1.66
2360	1.67
2361	1.46
2362	1.35
2363	1.33
2364	1.30
2365	1.37
2366	1.31
2367	1.41
2368	1.41
2369	1.57
2370	1.60
2371	1.37
2372	1.28
2373	1.27
2374	1.32
2375	1.38
2376	1.15
2377	1.40
2378	1.37
2379	1.45
2380	1.46
2381	1.37
2382	1.45
2383	1.47
2384	1.38
2385	1.28
2386	1.30
2387	1.33
2388	1.30
2389	1.42
2390	1.52
2391	1.51
2392	1.66
2393	1.83
2394	2.05
2395	2.07
2396	2.27
2397	2.70
2398	2.91
2399	3.66
2400	3.46
2401	3.22
2402	3.21
2403	2.72
2404	2.43
2405	2.36
2406	2.13
2407	2.06
2408	1.73
2409	1.44
2410	1.35
2411	1.33
2412	1.28
2413	1.59
2414	1.88
2415	1.76
2416	1.66
2417	1.51
2418	1.48
2419	1.34
2420	1.55
2421	1.47
2422	1.36
2423	1.38
2424	1.46
2425	1.38
2426	1.24
2427	1.21
2428	1.23
2429	1.15
2430	1.05
2431	1.21
2432	1.27
2433	1.44
2434	1.17
2435	1.34
2436	1.49
2437	1.52
2438	1.54
2439	2.05
2440	2.62
2441	5.45
2442	8.38
2443	7.09
2444	4.62
2445	3.62
2446	3.52
2447	3.24
2448	2.50
2449	2.08
2450	1.85
2451	2.41
2452	2.44
2453	1.97
2454	1.79
2455	1.55
2456	1.63
2457	1.56
2458	1.89
2459	2.08
2460	1.84
2461	1.68
2462	2.03
2463	2.40
2464	2.21
2465	2.14
2466	1.98
2467	1.92
2468	1.89
2469	1.72
2470	1.56
2471	1.57
2472	1.49
2473	1.41
2474	1.40
2475	1.35
2476	1.29
2477	1.47
2478	1.94
2479	2.07
2480	1.83
2481	1.66
2482	1.37
2483	1.40
2484	1.32
2485	1.46
2486	1.48
2487	1.61
2488	1.77
2489	2.74
2490	3.18
2491	2.66
2492	2.07
2493	1.86
2494	1.63
2495	1.42
2496	1.48
2497	1.56
2498	1.35
2499	1.68
2500	1.32
2501	1.49
2502	1.57
2503	2.01
2504	2.10
2505	2
2506	1.90
2507	1.60
2508	1.71
2509	1.55
2510	1.37
2511	1.24
2512	1.14
2513	1.05
2514	0.970
2515	1.06
2516	1.22
2517	1.37
2518	1.11
2519	1.24
2520	1.43
2521	1.20
2522	1.15
2523	1.30
2524	1.31
2525	1.39
2526	1.58
2527	1.68
2528	1.60
2529	1.62
2530	1.70
2531	1.75
2532	1.88
2533	1.87
2534	1.81
2535	1.54
2536	1.81
2537	1.88
2538	1.85
2539	1.99
2540	1.84
2541	1.80
2542	1.94
2543	1.81
2544	1.84
2545	1.87
2546	1.75
2547	1.64
2548	1.29
2549	1.37
2550	1.47
2551	1.36
2552	1.33
2553	1.28
2554	1.49
2555	1.39
2556	1.38
2557	1.34
2558	1.48
2559	1.56
2560	1.76
2561	1.68
2562	1.81
2563	1.82
2564	1.89
2565	1.84
2566	1.79
2567	1.84
2568	1.93
2569	2.07
2570	2.06
2571	1.89
2572	1.68
2573	1.72
2574	1.39
2575	1.30
2576	1.29
2577	1.19
2578	1.19
2579	1.15
2580	1.15
2581	1.45
2582	2.09
2583	2.04
2584	1.90
2585	2.03
2586	1.89
2587	2.13
2588	2.35
2589	2.05
2590	2.02
2591	1.70
2592	1.78
2593	1.74
2594	1.99
2595	1.98
2596	2.11
2597	1.98
2598	1.87
2599	1.85
2600	2.22
2601	2.15
2602	2.32
2603	2.68
2604	2.98
2605	2.95
2606	3.34
2607	3.17
2608	2.61
2609	2.59
2610	2.44
2611	2.91
2612	2.85
2613	2.87
2614	2.67
2615	2.69
2616	2.23
2617	2.26
2618	2.43
2619	2.28
2620	2.30
2621	1.92
2622	2.03
2623	1.82
2624	2
2625	2.01
2626	2.08
2627	1.95
2628	2.05
2629	2.07
2630	2.10
2631	2.06
2632	2
2633	2.42
2634	2.42
2635	1.94
2636	1.79
2637	2.07
2638	1.98
2639	1.97
2640	1.69
2641	1.67
2642	1.60
2643	1.53
2644	1.42
2645	1.60
2646	1.61
2647	1.80
2648	2.05
2649	2.06
2650	1.72
2651	1.73
2652	1.59
2653	1.27
2654	1.55
2655	1.51
2656	1.49
2657	1.48
2658	1.25
2659	1.22
2660	1.14
2661	1.27
2662	1.19
2663	1.05
2664	0.990
2665	0.980
2666	1.31
2667	1.27
2668	1.69
2669	1.94
2670	2.22
2671	3.88
2672	3.75
2673	4.52
2674	3.82
2675	3.69
2676	3.86
2677	3.55
2678	2.88
2679	3.02
2680	2.28
2681	2.30
2682	2.25
2683	2.26
2684	2.67
2685	2.73
2686	2.51
2687	2.49
2688	2.54
2689	2.62
2690	2.04
2691	2.11
2692	2.10
2693	1.85
2694	1.90
2695	2.02
2696	2.06
2697	1.91
2698	1.61
2699	1.64
2700	1.61
2701	1.79
2702	1.84
2703	1.69
2704	1.55
2705	1.68
2706	1.71
2707	1.66
2708	1.53
2709	1.50
2710	1.40
2711	1.49
2712	1.39
2713	1.28
2714	1.47
2715	1.35
2716	1.38
2717	1.31
2718	1.67
2719	1.80
2720	2.16
2721	2.27
2722	2.18
2723	2.35
2724	2.47
2725	2.50
2726	2.68
2727	2.43
2728	2.47
2729	2.44
2730	2.75
2731	2.73
2732	2.60
2733	2.75
2734	2.89
2735	2.96
2736	2.72
2737	2.70
2738	2.36
2739	2.57
2740	2.98
2741	2.76
2742	2.51
2743	2.60
2744	2.73
2745	2.50
2746	2.51
2747	2.71
2748	2.96
2749	2.60
2750	2.36
2751	2.25
2752	2.29
2753	2.07
2754	1.87
2755	1.92
2756	2.01
2757	1.97
2758	1.67
2759	1.58
2760	1.45
2761	1.37
2762	1.53
2763	1.51
2764	1.51
2765	1.31
2766	1.36
2767	1.42
2768	1.31
2769	1.40
2770	1.35
2771	1.46
2772	1.71
2773	1.63
2774	1.73
2775	1.87
2776	1.79
2777	1.99
2778	1.87
2779	2.08
2780	2.15
2781	2.28
2782	2.07
2783	1.78
2784	1.86
2785	2.16
2786	2.01
2787	2.31
2788	2.43
2789	2.59
2790	2.54
2791	2.34
2792	2.38
2793	2.23
2794	2.15
2795	2.17
2796	1.98
2797	1.73
2798	1.72
2799	1.70
2800	1.66
2801	1.75
2802	1.69
2803	1.87
2804	2.54
2805	2.56
2806	2.29
2807	2.43
2808	2.42
2809	2.35
2810	2.25
2811	2.35
2812	2.59
2813	2.04
2814	2.14
2815	2.33
2816	2.41
2817	2.27
2818	2.74
2819	2.78
2820	2.88
2821	2.54
2822	2.31
2823	2.08
2824	2.09
2825	2.08
2826	2.09
2827	1.84
2828	1.73
2829	1.84
2830	2.04
2831	1.82
2832	2.03
2833	1.87
2834	1.85
2835	1.94
2836	2.39
2837	2.22
2838	2.41
2839	2.54
2840	2.94
2841	3.19
2842	2.96
2843	3.15
2844	3.25
2845	2.95
2846	3.28
2847	2.78
2848	3.45
2849	3.11
2850	2.80
2851	2.77
2852	2.70
2853	2.45
2854	2.33
2855	2.22
2856	2.27
2857	2.31
2858	2.34
2859	2.19
2860	1.97
2861	1.75
2862	1.86
2863	1.78
2864	1.72
2865	1.68
2866	1.81
2867	1.87
2868	1.85
2869	1.95
2870	1.81
2871	1.93
2872	1.85
2873	2.09
2874	1.99
2875	1.89
2876	1.70
2877	1.54
2878	1.57
2879	1.21
2880	0.950
2881	1.04
2882	1.84
2883	2.55
2884	3.02
2885	2.67
2886	2.93
2887	3.47
2888	3.56
2889	3.24
2890	2.95
2891	2.47
2892	2.26
2893	2.26
2894	2.60
2895	2.59
2896	2.58
2897	2.35
2898	2.03
2899	2.07
2900	1.83
2901	1.77
2902	1.76
2903	1.60
2904	1.66
2905	1.62
2906	1.44
2907	1.63
2908	1.58
2909	1.53
2910	1.47
2911	1.54
2912	1.62
2913	1.63
2914	1.53
2915	1.67
2916	2.17
2917	1.95
2918	1.88
2919	2.01
2920	2.25
2921	2.09
2922	1.61
2923	1.64
2924	1.43
2925	1.38
2926	1.33
2927	2.60
2928	3.80
2929	3.61
2930	3.80
2931	3.14
2932	3.12
2933	3.68
2934	2.62
2935	2.86
2936	2.28
2937	2.09
2938	1.98
2939	2.28
2940	2.11
2941	1.97
2942	2.13
2943	2.12
2944	2.21
2945	2.08
2946	2
2947	2.11
2948	2.27
2949	2.43
2950	2.48
2951	2.43
2952	2.23
2953	2.49
2954	2.35
2955	2.27
2956	2.45
2957	2.26
2958	2.47
2959	2.62
2960	2.46
2961	2.42
2962	2.58
2963	2.25
2964	2.18
2965	2.08
2966	2.16
2967	2.22
2968	1.98
2969	1.82
2970	1.99
2971	2.09
2972	2.86
2973	3.24
2974	4.12
2975	5.22
2976	4.06
2977	4.49
2978	3.85
2979	3.48
2980	3.46
2981	4.21
2982	3.11
2983	2.82
2984	2.86
2985	2.54
2986	2.27
2987	2.46
2988	2.37
2989	2.30
2990	2.15
2991	2.24
2992	2.41
2993	2.36
2994	2.03
2995	1.97
2996	1.90
2997	1.64
2998	1.67
2999	1.61
3000	1.57
3001	1.37
3002	1.52
3003	1.56
3004	1.55
3005	1.52
3006	1.81
3007	2.18
3008	1.99
3009	2.01
3010	1.82
3011	1.80
3012	1.86
3013	1.83
3014	1.86
3015	1.94
3016	1.74
3017	1.72
3018	1.65
3019	1.77
3020	1.70
3021	1.94
3022	2.10
3023	2.19
3024	2.23
3025	2.41
3026	2.14
3027	2.04
3028	2.35
3029	3
3030	3.49
3031	2.96
3032	3.10
3033	2.67
3034	2.23
3035	2.30
3036	1.98
3037	2.21
3038	1.99
3039	2.45
3040	2.99
3041	2.99
3042	2.87
3043	3.01
3044	2.79
3045	2.60
3046	2.77
3047	2.32
3048	2.24
3049	2.25
3050	2.31
3051	2.15
3052	2.38
3053	2.26
3054	1.95
3055	2.06
3056	1.89
3057	1.81
3058	2.05
3059	1.98
3060	1.99
3061	1.74
3062	2.05
3063	2.22
3064	1.89
3065	1.73
3066	1.80
3067	1.63
3068	1.60
3069	1.44
3070	2.35
3071	2.31
3072	2.09
3073	1.90
3074	1.83
3075	1.94
3076	1.87
3077	1.61
3078	1.72
3079	1.59
3080	1.59
3081	1.63
3082	1.54
3083	1.48
3084	1.77
3085	1.57
3086	1.51
3087	1.50
3088	1.49
3089	1.31
3090	1.71
3091	2.53
3092	3.34
3093	3.74
3094	3.46
3095	3.27
3096	3.51
3097	2.84
3098	2.81
3099	2.70
3100	2.70
3101	2.17
3102	2.19
3103	1.98
3104	1.79
3105	1.79
3106	1.81
3107	1.73
3108	1.55
3109	1.52
3110	1.67
3111	1.44
3112	1.67
3113	1.75
3114	1.69
3115	1.70
3116	1.91
3117	2.05
3118	1.79
3119	1.68
3120	1.73
3121	1.49
3122	1.82
3123	3.21
3124	3.50
3125	3.50
3126	3.59
3127	3.80
3128	3.41
3129	2.90
3130	3.11
3131	2.34
3132	2.21
3133	2.13
3134	2.03
3135	1.62
3136	1.57
3137	1.69
3138	1.44
3139	1.52
3140	1.95
3141	3.01
3142	3
3143	2.45
3144	2.61
3145	2.97
3146	3.61
3147	3.65
3148	3.55
3149	2.71
3150	2.75
3151	2.14
3152	1.54
3153	1.53
3154	1.67
3155	2.13
3156	2.14
3157	2.01
3158	2.04
3159	2.63
3160	2.45
3161	2.56
3162	2.27
3163	2.22
3164	1.88
3165	1.69
3166	1.50
3167	1.52
3168	1.37
3169	1.36
3170	1.39
3171	1.53
3172	2.01
3173	1.81
3174	1.60
3175	1.37
3176	1.39
3177	1.39
3178	1.40
3179	1.50
3180	1.45
3181	2.15
3182	2.22
3183	2.30
3184	2.45
3185	2.02
3186	2.04
3187	1.96
3188	1.79
3189	1.73
3190	1.62
3191	1.45
3192	1.55
3193	2.74
3194	3.45
3195	3.34
3196	3.05
3197	3.82
3198	3.82
3199	3.70
3200	4.14
3201	3.87
3202	4.31
3203	3.58
3204	3.69
3205	3.04
3206	3.03
3207	3.33
3208	3.31
3209	3.14
3210	3.19
3211	2.56
3212	2.83
3213	3.15
3214	2.82
3215	2.94
3216	3.15
3217	2.69
3218	2.12
3219	2.38
3220	1.99
3221	1.65
3222	1.60
3223	1.80
3224	1.99
3225	2.21
3226	2.14
3227	2.58
3228	2.73
3229	2.43
3230	2.46
3231	2.69
3232	2.34
3233	2.15
3234	2
3235	1.99
3236	1.85
3237	1.84
3238	1.77
3239	1.65
3240	1.45
3241	1.65
3242	1.93
3243	1.81
3244	1.79
3245	1.59
3246	1.42
3247	1.39
3248	1.26
3249	1.40
3250	1.35
3251	1.40
3252	1.42
3253	1.44
3254	1.60
3255	2.01
3256	2.24
3257	2.14
3258	1.99
3259	1.66
3260	1.75
3261	1.76
3262	1.76
3263	1.51
3264	1.54
3265	1.55
3266	1.32
3267	1.42
3268	1.15
3269	1.52
3270	1.86
3271	1.83
3272	1.73
3273	2
3274	2.04
3275	2.01
3276	1.93
3277	1.82
3278	1.73
3279	1.94
3280	1.99
3281	2.43
3282	2.34
3283	2.34
3284	2.14
3285	1.825
3286	1.695
3287	1.69
3288	1.6125
3289	1.515
3290	1.4325
3291	1.375
3292	1.4025
3293	1.3325
3294	1.4775
3295	1.5475
3296	1.675
3297	1.75
3298	2.0075
3299	2.215
3300	2.3775
3301	2.6825
3302	2.7125
3303	2.5375
3304	2.80
3305	2.2675
3306	2.07
3307	2.005
3308	1.8625
3309	1.7375
3310	1.665
3311	1.6375
3312	1.5625
3313	1.5575
3314	1.5075
3315	1.585
3316	1.65
3317	1.565
3318	1.5675
3319	1.50
3320	1.5425
3321	1.505
3322	1.5925
3323	1.6025
3324	1.48
3325	1.4175
3326	1.375
3327	1.44
3328	1.40
3329	1.4475
3330	1.565
3331	1.60
3332	1.6475
3333	1.9075
3334	1.9775
3335	1.8375
3336	1.81
3337	1.6125
3338	1.57
3339	1.5925
3340	1.54
3341	1.6175
3342	1.8425
3343	2.005
3344	1.925
3345	1.8625
3346	1.955
3347	2.14
3348	2.01
3349	2.24
3350	2.035
3351	2.1175
3352	2.0325
3353	2.0025
3354	2.085
3355	2.2175
3356	2.38
3357	2.2625
3358	2.165
3359	2.15
3360	2.155
3361	2.005
3362	1.97
3363	1.76
3364	1.6975
3365	1.4825
3366	1.5225
3367	1.4725
3368	1.415
3369	1.345
3370	1.335
3371	1.365
3372	1.99
3373	2.05
3374	2.14
3375	1.99
3376	1.98
3377	1.99
3378	2.11
3379	2.34
3380	2.05
3381	2.07
3382	1.96
3383	2
3384	1.87
3385	1.79
3386	2.07
3387	2.41
3388	2.71
3389	2.74
3390	2.94
3391	2.67
3392	2.45
3393	2.23
3394	2.33
3395	2.47
3396	2.26
3397	2.07
3398	2.16
3399	1.92
3400	2.05
3401	1.86
3402	1.74
3403	1.62
3404	1.74
3405	1.64
3406	1.52
3407	1.50
3408	1.53
3409	1.37
3410	1.21
3411	1.17
3412	1.14
3413	1.03
3414	1.07
3415	1.08
3416	0.970
3417	0.950
3418	0.840
3419	0.880
3420	1.01
3421	0.980
3422	1.14
3423	1.04
3424	1.10
3425	0.980
3426	1.18
3427	1.43
3428	1.44
3429	1.93
3430	1.71
3431	1.97
3432	1.72
3433	1.66
3434	1.83
3435	1.79
3436	1.96
3437	1.89
3438	1.99
3439	2.08
3440	2.14
3441	1.99
3442	1.95
3443	1.94
3444	2.07
3445	2.10
3446	2.04
3447	2.15
3448	2.22
3449	2.25
3450	2.34
3451	2.14
3452	1.91
3453	1.70
3454	1.74
3455	1.88
3456	1.57
3457	1.85
3458	2.02
3459	1.80
3460	1.79
3461	1.78
3462	1.73
3463	1.84
3464	1.66
3465	1.85
3466	1.75
3467	1.68
3468	1.66
3469	1.66
3470	1.83
3471	1.77
3472	1.59
3473	1.64
3474	1.58
3475	1.70
3476	1.71
3477	1.57
3478	1.52
3479	1.43
3480	1.32
3481	1.49
3482	1.23
3483	1.25
3484	1.27
3485	1.32
3486	1.24
3487	1.22
3488	1.28
3489	1.40
3490	1.64
3491	1.67
3492	1.64
3493	1.83
3494	2.06
3495	1.96
3496	2.08
3497	1.91
3498	2.28
3499	2.31
3500	2.14
3501	2.12
3502	2.15
3503	2.18
3504	1.87
3505	1.92
3506	1.78
3507	1.85
3508	1.77
3509	1.51
3510	1.52
3511	1.59
3512	1.56
3513	1.43
3514	1.35
3515	1.55
3516	1.37
3517	1.50
3518	1.54
3519	1.62
3520	1.54
3521	1.69
3522	1.55
3523	1.69
3524	1.57
3525	1.65
3526	1.58
3527	1.75
3528	1.55
3529	1.55
3530	1.54
3531	1.61
3532	1.66
3533	1.69
3534	1.85
3535	1.68
3536	1.81
3537	1.83
3538	1.84
3539	1.98
3540	2.01
3541	1.95
3542	1.97
3543	1.95
3544	1.66
3545	1.71
3546	1.58
3547	1.59
3548	1.45
3549	1.43
3550	1.55
3551	1.70
3552	1.61
3553	1.77
3554	1.81
3555	1.95
3556	2.18
3557	2.45
3558	2.81
3559	3.32
3560	2.84
3561	2.87
3562	2.36
3563	2.18
3564	2.21
3565	2
3566	1.77
3567	1.76
3568	1.66
3569	1.79
3570	1.90
3571	1.78
3572	1.74
3573	1.63
3574	1.61
3575	1.61
3576	1.56
3577	1.66
3578	1.78
3579	1.74
3580	1.91
3581	1.99
3582	2.16
3583	2.04
3584	2.23
3585	2.12
3586	2.06
3587	1.92
3588	1.99
3589	1.88
3590	1.86
3591	1.78
3592	1.72
3593	1.67
3594	1.90
3595	1.94
3596	1.73
3597	1.63
3598	1.67
3599	2.07
3600	1.81
3601	1.92
3602	2.29
3603	2.25
3604	1.99
3605	2.15
3606	2
3607	2.04
3608	1.82
3609	1.75
3610	1.58
3611	1.61
3612	1.39
3613	1.36
3614	1.48
3615	1.57
3616	1.52
3617	1.53
3618	1.80
3619	1.76
3620	1.73
3621	1.84
3622	1.97
3623	1.69
3624	1.68
3625	1.69
3626	1.62
3627	1.74
3628	1.57
3629	1.41
3630	1.50
3631	1.38
3632	1.33
3633	1.37
3634	1.31
3635	1.23
3636	1.18
3637	1.20
3638	1.22
3639	1.24
3640	1.32
3641	1.24
3642	1.36
3643	1.48
3644	1.64
3645	1.74
3646	1.68
3647	1.69
3648	1.74
3649	1.75
3650	1.67
3651	1.58
3652	1.66
3653	1.76
3654	1.81
3655	1.98
3656	2.04
3657	2.16
3658	2.17
3659	2.08
3660	1.92
3661	1.92
3662	1.94
3663	1.65
3664	1.61
3665	1.68
3666	1.70
3667	1.59
3668	1.58
3669	1.67
3670	1.58
3671	1.54
3672	1.48
3673	1.38
3674	1.38
3675	1.42
3676	1.28
3677	1.36
3678	1.42
3679	1.48
3680	1.56
3681	1.59
3682	1.61
3683	1.73
3684	1.71
3685	1.76
3686	1.78
3687	1.56
3688	1.68
3689	1.48
3690	1.17
3691	1.11
3692	0.990
3693	0.890
3694	0.830
3695	0.790
3696	0.920
3697	0.960
3698	1.03
3699	1.09
3700	1.25
3701	1.43
3702	1.35
3703	1.49
3704	1.18
3705	1.40
3706	1.63
3707	1.59
3708	1.70
3709	1.49
3710	1.39
3711	1.37
3712	1.36
3713	1.59
3714	1.67
3715	1.82
3716	1.73
3717	1.49
3718	1.62
3719	1.91
3720	1.67
3721	1.53
3722	1.56
3723	1.65
3724	1.61
3725	1.69
3726	1.54
3727	1.52
3728	1.52
3729	1.68
3730	1.55
3731	1.71
3732	1.59
3733	1.60
3734	1.56
3735	1.54
3736	1.42
3737	1.24
3738	1.20
3739	1.14
3740	1.06
3741	1.11
3742	1.11
3743	1.10
3744	1.06
3745	1.11
3746	1.10
3747	1.19
3748	1.28
3749	1.35
3750	1.45
3751	1.73
3752	1.79
3753	1.89
3754	1.99
3755	2.04
3756	2.07
3757	2.13
3758	2.52
3759	3.45
3760	2.58
3761	2.17
3762	1.88
3763	1.73
3764	1.36
3765	1.28
3766	1.19
3767	1.20
3768	1.22
3769	1.11
3770	1.13
3771	1.16
3772	0.960
3773	1.01
3774	1.01
3775	1.13
3776	1.05
3777	1.10
3778	1.36
3779	1.37
3780	1.28
3781	1.39
3782	1.41
3783	1.44
3784	1.48
3785	1.53
3786	1.55
3787	1.54
3788	1.43
3789	1.47
3790	1.51
3791	1.28
3792	1.27
3793	1.24
3794	1.29
3795	1.40
3796	1.40
3797	1.52
3798	1.47
3799	1.58
3800	1.67
3801	1.93
3802	1.91
3803	1.97
3804	2.14
3805	2.07
3806	2.19
3807	2
3808	1.83
3809	1.66
3810	1.70
3811	1.72
3812	1.60
3813	1.40
3814	1.33
3815	1.31
3816	1.23
3817	1.35
3818	1.36
3819	1.25
3820	1.30
3821	1.24
3822	1.32
3823	1.22
3824	1.19
3825	1.13
3826	1.34
3827	1.50
3828	1.71
3829	1.59
3830	1.82
3831	1.86
3832	2.15
3833	2.35
3834	2.68
3835	2.16
3836	1.88
3837	2.05
3838	1.98
3839	1.97
3840	1.76
3841	1.80
3842	1.68
3843	1.72
3844	1.70
3845	1.47
3846	1.40
3847	1.32
3848	1.31
3849	1.23
3850	1.11
3851	0.990
3852	1.01
3853	1.11
3854	1.16
3855	1.22
3856	1.09
3857	1.11
3858	1.14
3859	1.24
3860	1.18
3861	1.07
3862	0.950
3863	1.15
3864	0.980
3865	1.01
3866	1.13
3867	1.27
3868	1.28
3869	1.27
3870	1.48
3871	1.85
3872	1.64
3873	1.67
3874	1.52
3875	1.59
3876	1.45
3877	1.32
3878	1.39
3879	1.42
3880	1.42
3881	1.41
3882	1.53
3883	1.57
3884	1.75
3885	1.81
3886	1.79
3887	1.69
3888	1.53
3889	1.41
3890	1.46
3891	1.39
3892	1.51
3893	1.38
3894	1.59
3895	1.49
3896	1.75
3897	1.67
3898	1.82
3899	1.74
3900	1.69
3901	1.57
3902	1.57
3903	1.56
3904	1.55
3905	1.73
3906	1.81
3907	2.03
3908	2.19
3909	2.43
3910	2.42
3911	2.59
3912	2.43
3913	2.33
3914	1.97
3915	2.23
3916	1.94
3917	1.63
3918	1.40
3919	1.40
3920	1.34
3921	1.38
3922	1.30
3923	1.44
3924	1.53
3925	1.39
3926	1.20
3927	1.22
3928	1.17
3929	1.18
3930	1.18
3931	1.15
3932	1.09
3933	1.25
3934	1.24
3935	1.22
3936	1.20
3937	1.45
3938	1.47
3939	1.78
3940	1.87
3941	1.87
3942	2.04
3943	2.01
3944	1.75
3945	1.49
3946	1.40
3947	1.45
3948	1.50
3949	1.65
3950	1.69
3951	2.10
3952	2.02
3953	2.15
3954	1.99
3955	1.73
3956	1.48
3957	1.41
3958	1.59
3959	1.58
3960	1.83
3961	1.63
3962	1.61
3963	1.48
3964	1.71
3965	1.60
3966	1.66
3967	1.61
3968	1.45
3969	1.42
3970	1.39
3971	1.30
3972	1.16
3973	1.07
3974	1.11
3975	1.11
3976	1.26
3977	1.17
3978	1.35
3979	1.39
3980	1.33
3981	1.42
3982	1.21
3983	1.10
3984	0.960
3985	0.940
3986	0.930
3987	0.930
3988	0.890
3989	0.980
3990	0.900
3991	0.870
3992	0.890
3993	1.06
3994	1.05
3995	0.900
3996	0.890
3997	1.30
3998	1.01
3999	0.950
4000	0.990
4001	1.05
4002	1.04
4003	0.920
4004	0.890
4005	1
4006	0.890
4007	1.19
4008	1.14
4009	1.15
4010	1.13
4011	1.20
4012	1.20
4013	1.18
4014	1.13
4015	1.13
4016	1
4017	1
4018	1.18
4019	1.34
4020	1.55
4021	1.54
4022	1.44
4023	1.51
4024	1.60
4025	1.56
4026	1.64
4027	1.44
4028	1.40
4029	1.33
4030	1.40
4031	1.23
4032	1.31
4033	1.23
4034	1.28
4035	1.14
4036	1.12
4037	1
4038	1.18
4039	1.10
4040	1.06
4041	1.05
4042	1.33
4043	1.63
4044	1.31
4045	1.31
4046	1.33
4047	1.24
4048	1.13
4049	1.06
4050	1.06
4051	1.01
4052	1.01
4053	1.01
4054	1.09
4055	1.35
4056	1.64
4057	1.96
4058	1.94
4059	2.06
4060	2.05
4061	2.05
4062	1.94
4063	1.89
4064	1.77
4065	1.82
4066	1.82
4067	1.65
4068	1.54
4069	1.44
4070	1.35
4071	1.49
4072	1.49
4073	1.35
4074	1.49
4075	1.50
4076	1.39
4077	1.41
4078	1.60
4079	1.67
4080	2.03
4081	2.04
4082	2.14
4083	1.99
4084	2.12
4085	1.86
4086	1.91
4087	1.71
4088	1.75
4089	1.68
4090	1.49
4091	1.40
4092	1.31
4093	1.29
4094	1.19
4095	1.26
4096	1.20
4097	1.17
4098	1.33
4099	1.05
4100	1.17
4101	1.25
4102	1.22
4103	1.21
4104	1.12
4105	1.22
4106	1.12
4107	1.13
4108	1.02
4109	1.21
4110	1.31
4111	1.30
4112	1.34
4113	1.38
4114	1.37
4115	1.48
4116	1.41
4117	1.40
4118	1.43
4119	1.53
4120	1.55
4121	1.49
4122	1.55
4123	1.65
4124	1.78
4125	1.65
4126	1.68
4127	1.85
4128	1.80
4129	1.78
4130	2.09
4131	2.12
4132	1.98
4133	1.83
4134	1.65
4135	1.75
4136	1.75
4137	1.75
4138	1.75
4139	1.76
4140	1.84
4141	1.70
4142	2.35
4143	1.94
4144	1.89
4145	1.98
4146	1.99
4147	1.82
4148	2.10
4149	1.92
4150	1.81
4151	2.08
4152	1.97
4153	1.92
4154	1.84
4155	1.86
4156	1.90
4157	1.77
4158	1.53
4159	1.71
4160	1.58
4161	1.49
4162	1.54
4163	1.61
4164	1.65
4165	2.02
4166	2.40
4167	2.43
4168	2.15
4169	2.24
4170	2.42
4171	2.59
4172	2.68
4173	2.18
4174	2.06
4175	1.99
4176	1.98
4177	1.71
4178	1.77
4179	1.82
4180	1.70
4181	1.64
4182	1.58
4183	2.04
4184	1.84
4185	2.01
4186	1.97
4187	1.94
4188	1.95
4189	1.98
4190	1.78
4191	1.56
4192	1.65
4193	1.54
4194	1.57
4195	1.50
4196	1.42
4197	1.27
4198	1.25
4199	1.21
4200	2.19
4201	3.52
4202	3.33
4203	3.26
4204	2.84
4205	2.60
4206	2.39
4207	3.02
4208	3.54
4209	3.10
4210	2.42
4211	3.20
4212	2.67
4213	2.84
4214	2.93
4215	2.77
4216	4.15
4217	3.26
4218	2.29
4219	2.40
4220	2.14
4221	2.03
4222	1.84
4223	1.80
4224	1.81
4225	1.82
4226	1.58
4227	1.59
4228	1.58
4229	1.75
4230	2.10
4231	2.92
4232	2.40
4233	2.91
4234	2.71
4235	2.63
4236	2.17
4237	2.08
4238	1.87
4239	1.72
4240	1.52
4241	1.18
4242	1.23
4243	1.32
4244	1.80
4245	3.21
4246	3.34
4247	3.37
4248	3.23
4249	3.04
4250	3.06
4251	2.85
4252	2.51
4253	2.15
4254	2.23
4255	2.69
4256	2.63
4257	2.18
4258	2.32
4259	2.23
4260	2.25
4261	1.97
4262	2.14
4263	2.29
4264	2.11
4265	2.12
4266	1.93
4267	1.95
4268	1.94
4269	2.11
4270	1.62
4271	1.80
4272	1.74
4273	1.73
4274	1.80
4275	1.51
4276	1.36
4277	1.31
4278	1.22
4279	1.18
4280	1.12
4281	1.23
4282	1.55
4283	2.45
4284	2.73
4285	3.07
4286	3.08
4287	3.18
4288	3.40
4289	3.04
4290	3.11
4291	3
4292	2.62
4293	2.82
4294	2.95
4295	2.80
4296	2.74
4297	2.61
4298	2.51
4299	2.28
4300	2.48
4301	2.51
4302	2.28
4303	2.33
4304	2.44
4305	2.34
4306	2.33
4307	2.32
4308	2.46
4309	2.31
4310	2.15
4311	1.79
4312	1.68
4313	1.63
4314	1.81
4315	2.02
4316	2.09
4317	2.50
4318	2.91
4319	3.15
4320	3.28
4321	2.92
4322	3
4323	2.72
4324	3.19
4325	3.18
4326	2.83
4327	2.89
4328	2.54
4329	2.61
4330	2.53
4331	2.84
4332	2.80
4333	2.92
4334	2.64
4335	2.78
4336	2.74
4337	2.34
4338	2.51
4339	2.42
4340	2.53
4341	2.55
4342	2.65
4343	2.70
4344	3
4345	3.30
4346	3.27
4347	2.97
4348	2.82
4349	3.60
4350	3.61
4351	3.25
4352	3.44
4353	3.21
4354	3.20
4355	3.19
4356	2.85
4357	2.56
4358	2.38
4359	2.19
4360	2.07
4361	2.32
4362	1.93
4363	2.29
4364	1.92
4365	2.01
4366	1.92
4367	1.96
4368	1.80
4369	1.84
4370	1.97
4371	2.27
4372	2.42
4373	1.97
4374	1.91
4375	2.03
4376	2.01
4377	1.81
4378	1.94
4379	1.92
4380	1.94
4381	1.87
4382	2.14
4383	2.24
4384	2.05
4385	1.90
4386	2.01
4387	2.07
4388	1.95
4389	2.01
4390	2.03
4391	1.90
4392	2.02
4393	2.09
4394	2.30
4395	2.30
4396	2.56
4397	2.37
4398	2.14
4399	2.21
4400	2.25
4401	2.26
4402	2.05
4403	2.19
4404	2.19
4405	2.86
4406	3.03
4407	2.96
4408	3.06
4409	2.93
4410	2.98
4411	2.81
4412	2.43
4413	2.43
4414	2.61
4415	3.01
4416	2.70
4417	2.65
4418	2.64
4419	2.81
4420	3.05
4421	2.53
4422	3.22
4423	2.92
4424	2.74
4425	2.50
4426	2.47
4427	2.51
4428	2.63
4429	2.13
4430	2.31
4431	2.20
4432	2.53
4433	2.57
4434	2.22
4435	2.15
4436	1.99
4437	1.74
4438	1.90
4439	1.72
4440	1.57
4441	1.62
4442	1.69
4443	2
4444	2.13
4445	2.09
4446	1.98
4447	2.23
4448	1.89
4449	1.73
4450	1.77
4451	1.93
4452	1.77
4453	2.02
4454	1.91
4455	1.96
4456	1.67
4457	1.56
4458	1.64
4459	1.66
4460	1.46
4461	1.52
4462	1.64
4463	1.35
4464	1.42
4465	1.59
4466	1.64
4467	1.64
4468	1.95
4469	1.72
4470	1.71
4471	1.84
4472	1.77
4473	1.55
4474	1.71
4475	1.66
4476	1.50
4477	1.73
4478	2.02
4479	2.10
4480	2.55
4481	2.71
4482	2.66
4483	2.44
4484	2.50
4485	2.36
4486	2.28
4487	2.45
4488	2.36
4489	2.26
4490	2.63
4491	3.05
4492	3.16
4493	3.17
4494	3.38
4495	2.82
4496	2.82
4497	2.54
4498	3.09
4499	2.71
4500	2.54
4501	2.68
4502	2.61
4503	2.66
4504	2.54
4505	2.55
4506	2.47
4507	2.58
4508	2.82
4509	2.88
4510	2.84
4511	2.92
4512	2.66
4513	2.64
4514	2.76
4515	2.98
4516	2.48
4517	2.50
4518	2.57
4519	2.54
4520	2.61
4521	2.43
4522	2.21
4523	2.39
4524	2.12
4525	2.33
4526	2.06
4527	2.23
4528	2.36
4529	2.32
4530	2.15
4531	2.47
4532	2.29
4533	2.38
4534	2.38
4535	2.20
4536	2.01
4537	1.94
4538	2.15
4539	1.96
4540	2.25
4541	2.33
4542	2.33
4543	2.10
4544	2.15
4545	2.09
4546	2.17
4547	2.15
4548	1.97
4549	2
4550	1.83
4551	1.86
4552	1.71
4553	1.81
4554	1.91
4555	1.81
4556	1.64
4557	1.76
4558	1.77
4559	1.95
4560	1.97
4561	1.99
4562	1.83
4563	2.09
4564	2.16
4565	2.26
4566	2.24
4567	2.44
4568	2.37
4569	2.80
4570	2.87
4571	2.72
4572	2.41
4573	2.56
4574	2.35
4575	2.08
4576	2.69
4577	2.42
4578	2.71
4579	2.23
4580	2.55
4581	2.50
4582	2.70
4583	2.68
4584	2.75
4585	2.97
4586	2.71
4587	2.30
4588	2.35
4589	2.82
4590	2.41
4591	2.40
4592	2.30
4593	2.13
4594	2.45
4595	2.52
4596	2.45
4597	2.62
4598	2.56
4599	2.63
4600	2.48
4601	2.30
4602	2.31
4603	2.17
4604	1.90
4605	1.56
4606	1.68
4607	1.57
4608	1.71
4609	1.67
4610	1.55
4611	1.59
4612	1.47
4613	1.51
4614	1.54
4615	1.86
4616	1.92
4617	1.86
4618	1.73
4619	1.49
4620	1.64
4621	1.73
4622	1.72
4623	1.73
4624	1.66
4625	1.74
4626	1.94
4627	1.82
4628	1.86
4629	1.72
4630	1.95
4631	2.15
4632	2.10
4633	2.01
4634	2.15
4635	2.09
4636	1.95
4637	1.72
4638	2.07
4639	2.09
4640	1.65
4641	1.97
4642	1.59
4643	1.71
4644	1.67
4645	1.64
4646	1.57
4647	1.63
4648	1.64
4649	1.66
4650	1.78
4651	1.74
4652	1.53
4653	1.43
4654	1.39
4655	1.59
4656	1.65
4657	1.38
4658	1.33
4659	1.69
4660	1.82
4661	2.02
4662	1.72
4663	1.96
4664	1.65
4665	1.56
4666	1.62
4667	1.51
4668	1.40
4669	1.39
4670	1.24
4671	1.25
4672	1.25
4673	0.960
4674	0.960
4675	0.900
4676	1.04
4677	0.960
4678	1
4679	0.990
4680	1
4681	2.06
4682	2.58
4683	2.38
4684	2.39
4685	1.98
4686	1.61
4687	1.60
4688	1.62
4689	1.75
4690	1.65
4691	1.61
4692	1.49
4693	1.41
4694	1.28
4695	1.27
4696	1.24
4697	1.15
4698	1.03
4699	1.09
4700	1.12
4701	1.20
4702	1.14
4703	1.30
4704	1.22
4705	1.54
4706	1.54
4707	1.57
4708	1.50
4709	1.46
4710	1.54
4711	1.49
4712	1.54
4713	1.38
4714	1.39
4715	1.32
4716	1.28
4717	1.47
4718	1.41
4719	1.30
4720	1.20
4721	1.14
4722	1.12
4723	1.10
4724	1.17
4725	1.51
4726	1.35
4727	1.22
4728	1.15
4729	1.37
4730	2.79
4731	3.82
4732	4.37
4733	4.27
4734	4.09
4735	3.48
4736	3.34
4737	2.92
4738	2.80
4739	2.37
4740	2.53
4741	2.58
4742	2.34
4743	2.04
4744	1.97
4745	1.82
4746	1.56
4747	1.69
4748	1.51
4749	1.42
4750	1.32
4751	1.50
4752	1.74
4753	1.67
4754	1.93
4755	1.69
4756	2.18
4757	2.15
4758	2.04
4759	2.22
4760	2.20
4761	2.26
4762	2.23
4763	2.13
4764	2.36
4765	2.45
4766	2.13
4767	2.04
4768	1.80
4769	1.64
4770	1.54
4771	1.56
4772	1.33
4773	1.41
4774	1.25
4775	1.44
4776	1.96
4777	1.80
4778	1.62
4779	1.56
4780	1.59
4781	1.28
4782	1.32
4783	1.37
4784	1.38
4785	1.37
4786	1.30
4787	1.39
4788	1.28
4789	1.24
4790	1.25
4791	1.34
4792	1.35
4793	1.79
4794	1.88
4795	1.57
4796	1.58
4797	1.47
4798	1.35
4799	1.38
4800	1.29
4801	1.40
4802	1.49
4803	1.70
4804	2.06
4805	1.89
4806	1.87
4807	2.19
4808	2.03
4809	2.38
4810	2.25
4811	2.63
4812	2.48
4813	2.10
4814	2.23
4815	2.19
4816	2.71
4817	2.43
4818	2.62
4819	2.51
4820	2.33
4821	2.05
4822	2.08
4823	1.79
4824	1.89
4825	1.63
4826	1.77
4827	1.66
4828	1.59
4829	1.49
4830	1.39
4831	1.46
4832	1.37
4833	1.50
4834	1.57
4835	1.52
4836	1.56
4837	1.50
4838	1.50
4839	1.56
4840	1.42
4841	1.44
4842	1.33
4843	1.23
4844	1.23
4845	1.27
4846	1.69
4847	2.71
4848	3.45
4849	3.01
4850	2.72
4851	2.58
4852	2.20
4853	1.79
4854	1.91
4855	1.78
4856	1.47
4857	1.36
4858	1.20
4859	1.07
4860	1.10
4861	1.15
4862	1.22
4863	1.06
4864	1.09
4865	1.26
4866	1.84
4867	1.92
4868	1.97
4869	2.06
4870	2.54
4871	2.44
4872	2.47
4873	2.36
4874	2.45
4875	2.35
4876	2.18
4877	1.96
4878	1.86
4879	1.73
4880	1.51
4881	1.45
4882	1.46
4883	1.25
4884	1.25
4885	1.09
4886	0.990
4887	1.04
4888	1.04
4889	0.980
4890	1.06
4891	1.05
4892	1.06
4893	1.17
4894	1.16
4895	1.31
4896	1.45
4897	1.61
4898	1.55
4899	1.43
4900	1.31
4901	1.43
4902	1.64
4903	1.63
4904	1.68
4905	1.63
4906	1.75
4907	1.80
4908	1.83
4909	1.96
4910	1.69
4911	1.72
4912	1.73
4913	1.56
4914	1.61
4915	1.59
4916	1.51
4917	1.38
4918	1.47
4919	1.32
4920	1.25
4921	1.15
4922	1.24
4923	1.12
4924	1.16
4925	1.09
4926	0.950
4927	0.950
4928	1.44
4929	1.54
4930	1.54
4931	1.78
4932	2.11
4933	2.18
4934	2.06
4935	2.45
4936	2.26
4937	2.40
4938	1.96
4939	2.09
4940	1.79
4941	1.71
4942	1.57
4943	1.42
4944	1.31
4945	1.21
4946	1.25
4947	1.20
4948	1.12
4949	1.20
4950	1.18
4951	1.12
4952	1.10
4953	1.20
4954	1.23
4955	1.32
4956	1.36
4957	1.24
4958	1.32
4959	1.34
4960	1.48
4961	1.42
4962	1.39
4963	1.34
4964	1.30
4965	1.17
4966	1.19
4967	1.26
4968	1.21
4969	1.18
4970	1.22
4971	1.27
4972	1.35
4973	1.36
4974	1.32
4975	1.22
4976	1.46
4977	1.39
4978	1.33
4979	1.39
4980	1.34
4981	1.44
4982	1.25
4983	1.33
4984	1.35
4985	1.21
4986	1.19
4987	1.27
4988	1.25
4989	1.26
4990	1.38
4991	1.34
4992	1.30
4993	1.34
4994	1.42
4995	1.32
4996	1.56
4997	1.36
4998	1.38
4999	1.51
5000	1.62
5001	1.34
5002	1.50
5003	1.44
5004	1.47
5005	1.66
5006	1.86
5007	1.78
5008	1.79
5009	1.75
5010	1.74
5011	1.82
5012	1.88
5013	1.82
5014	1.85
5015	1.62
5016	1.68
5017	1.41
5018	1.38
5019	1.39
5020	1.30
5021	1.26
5022	1.36
5023	1.34
5024	1.17
5025	1.15
5026	1.22
5027	1.10
5028	1.13
5029	1.08
5030	1.13
5031	0.950
5032	0.990
5033	1.01
5034	1.02
5035	0.970
5036	0.980
5037	0.960
5038	0.920
5039	1.01
5040	0.990
5041	0.780
5042	0.850
5043	0.800
5044	0.870
5045	0.820
5046	0.860
5047	1.06
5048	1.14
5049	1.30
5050	1.31
5051	1.38
5052	1.37
5053	1.17
5054	1.10
5055	1.10
5056	1.13
5057	1.07
5058	1.10
5059	1.12
5060	1.21
5061	1.27
5062	1.35
5063	1.43
5064	1.63
5065	1.44
5066	1.39
5067	1.41
5068	1.55
5069	1.51
5070	1.34
5071	1.45
5072	1.20
5073	1.23
5074	1.29
5075	1.40
5076	1.49
5077	1.61
5078	1.56
5079	1.52
5080	1.53
5081	1.53
5082	1.67
5083	1.70
5084	1.74
5085	1.38
5086	1.70
5087	1.49
5088	1.43
5089	1.66
5090	1.68
5091	1.52
5092	1.57
5093	1.52
5094	1.71
5095	1.70
5096	1.77
5097	1.76
5098	1.65
5099	1.67
5100	1.56
5101	1.46
5102	1.50
5103	1.49
5104	1.46
5105	1.42
5106	1.51
5107	1.60
5108	1.53
5109	1.53
5110	1.40
5111	1.28
5112	1.21
5113	1.14
5114	1.18
5115	1.09
5116	1.10
5117	1.04
5118	1.24
5119	1.21
5120	1.22
5121	1.11
5122	1.33
5123	1.48
5124	1.43
5125	1.56
5126	1.82
5127	1.85
5128	1.90
5129	1.77
5130	1.62
5131	1.66
5132	1.48
5133	1.27
5134	1.42
5135	1.42
5136	1.53
5137	1.33
5138	1.40
5139	1.45
5140	1.41
5141	1.49
5142	1.50
5143	1.58
5144	1.52
5145	1.61
5146	1.79
5147	1.70
5148	1.91
5149	1.70
5150	1.72
5151	1.60
5152	1.60
5153	1.42
5154	1.53
5155	1.39
5156	1.58
5157	1.43
5158	1.52
5159	1.43
5160	1.57
5161	1.41
5162	1.38
5163	1.50
5164	1.44
5165	1.55
5166	1.40
5167	1.62
5168	1.70
5169	1.55
5170	1.62
5171	1.82
5172	1.64
5173	1.64
5174	1.74
5175	1.83
5176	1.67
5177	1.65
5178	1.74
5179	1.73
5180	1.58
5181	1.42
5182	1.39
5183	1.25
5184	1.37
5185	1.33
5186	1.35
5187	1.20
5188	1.14
5189	1.09
5190	1.09
5191	1.21
5192	1.29
5193	1.27
5194	1.36
5195	1.31
5196	1.18
5197	1.16
5198	1.09
5199	1.17
5200	1.45
5201	1.33
5202	1.49
5203	1.60
5204	1.80
5205	1.65
5206	1.65
5207	1.51
5208	1.63
5209	1.58
5210	1.61
5211	1.52
5212	1.59
5213	1.42
5214	1.48
5215	1.38
5216	1.37
5217	1.20
5218	1.16
5219	1.05
5220	1.04
5221	1.02
5222	1.09
5223	1.17
5224	1.05
5225	1.11
5226	1.20
5227	1.32
5228	1.29
5229	1.25
5230	1.18
5231	1.10
5232	1.06
5233	1
5234	1.08
5235	1.10
5236	1.14
5237	1.28
5238	1.34
5239	1.96
5240	1.73
5241	1.60
5242	1.31
5243	1.31
5244	1.11
5245	1.27
5246	1.49
5247	1.58
5248	1.78
5249	1.78
5250	2.02
5251	1.73
5252	1.89
5253	1.65
5254	1.60
5255	1.35
5256	1.32
5257	1.33
5258	1.22
5259	1.20
5260	1.21
5261	1.18
5262	1.10
5263	1.11
5264	1.12
5265	1.10
5266	1.24
5267	1.20
5268	1.17
5269	1.19
5270	1.19
5271	1.19
5272	1.25
5273	1.18
5274	1.34
5275	1.42
5276	1.63
5277	1.47
5278	1.40
5279	1.58
5280	1.67
5281	1.48
5282	1.35
5283	1.23
5284	1.20
5285	1.10
5286	1.21
5287	1.48
5288	1.26
5289	1.30
5290	1.13
5291	1.12
5292	1.10
5293	1.27
5294	1.36
5295	1.41
5296	1.30
5297	1.26
5298	1.23
5299	1.17
5300	1.11
5301	1.09
5302	1.01
5303	0.910
5304	0.890
5305	0.960
5306	1.04
5307	1.11
5308	1.12
5309	1.11
5310	1.13
5311	1.19
5312	1.06
5313	1.31
5314	1.57
5315	2
5316	2.44
5317	2.53
5318	2.21
5319	1.92
5320	1.86
5321	1.58
5322	1.38
5323	1.24
5324	1.13
5325	1.17
5326	1.16
5327	1.18
5328	1.03
5329	1.09
5330	1.24
5331	1.17
5332	1.42
5333	1.31
5334	1.41
5335	1.72
5336	1.76
5337	1.84
5338	1.81
5339	1.82
5340	2
5341	2.15
5342	2.06
5343	2.15
5344	1.73
5345	1.72
5346	1.43
5347	1.39
5348	1.41
5349	1.33
5350	1.37
5351	1.30
5352	1.36
5353	1.32
5354	1.33
5355	1.25
5356	1.20
5357	1.18
5358	1.34
5359	1.39
5360	1.27
5361	1.30
5362	1.74
5363	1.59
5364	1.62
5365	1.55
5366	1.55
5367	1.49
5368	1.37
5369	1.37
5370	1.32
5371	1.18
5372	1.08
5373	1.11
5374	1.01
5375	0.990
5376	0.870
5377	0.880
5378	0.910
5379	0.910
5380	0.860
5381	0.840
5382	0.870
5383	0.870
5384	0.820
5385	0.850
5386	0.850
5387	0.800
5388	0.790
5389	0.690
5390	0.740
5391	0.710
5392	0.730
5393	0.670
5394	0.650
5395	0.710
5396	0.760
5397	0.740
5398	0.720
5399	0.770
5400	0.890
5401	0.880
5402	0.870
5403	0.940
5404	1
5405	1.01
5406	1.11
5407	1.27
5408	1.24
5409	1.29
5410	1.14
5411	1.41
5412	1.78
5413	2.07
5414	1.94
5415	2.01
5416	1.71
5417	1.74
5418	1.61
5419	2.38
5420	2.33
5421	2.52
5422	2.17
5423	1.84
5424	1.73
5425	1.94
5426	1.93
5427	1.95
5428	1.64
5429	1.47
5430	1.55
5431	1.44
5432	1.39
5433	1.16
5434	1.33
5435	1.18
5436	1.31
5437	1.45
5438	1.52
5439	1.83
5440	1.84
5441	1.62
5442	1.67
5443	1.42
5444	1.43
5445	1.42
5446	1.50
5447	1.48
5448	1.45
5449	1.56
5450	1.62
5451	1.49
5452	1.36
5453	1.25
5454	1.39
5455	1.52
5456	1.55
5457	1.74
5458	1.47
5459	1.31
5460	1.24
5461	1.30
5462	1.17
5463	1.29
5464	1.29
5465	1.38
5466	1.36
5467	1.46
5468	1.34
5469	1.22
5470	0.970
5471	1.03
5472	1.02
5473	0.940
5474	0.940
5475	0.950
5476	0.870
5477	0.910
5478	0.820
5479	0.870
5480	0.920
5481	1
5482	0.920
5483	0.910
5484	0.930
5485	0.930
5486	0.900
5487	0.890
5488	0.850
5489	0.990
5490	1.16
5491	1.25
5492	1.23
5493	1.42
5494	1.36
5495	1.24
5496	1.29
5497	1.27
5498	1.51
5499	1.43
5500	1.44
5501	1.30
5502	1.40
5503	1.12
5504	1.06
5505	1
5506	1.25
5507	1.66
5508	1.86
5509	2.61
5510	2.35
5511	2.66
5512	2.61
5513	2.35
5514	2.34
5515	2.18
5516	2.21
5517	1.92
5518	1.97
5519	2.29
5520	2.37
5521	2.08
5522	1.79
5523	1.88
5524	1.85
5525	2.08
5526	1.97
5527	1.98
5528	2.07
5529	2.21
5530	2.13
5531	2.29
5532	2.04
5533	2.36
5534	2.42
5535	2.54
5536	1.99
5537	2.14
5538	2.34
5539	2.15
5540	2.17
5541	2.22
5542	2.49
5543	2.29
5544	2.18
5545	2.13
5546	2.27
5547	2.38
5548	2.16
5549	2.15
5550	1.99
5551	2.05
5552	2.08
5553	1.91
5554	1.80
5555	1.69
5556	1.99
5557	1.79
5558	1.75
5559	1.43
5560	1.48
5561	1.23
5562	1.28
5563	1.24
5564	1.22
5565	1.31
5566	1.20
5567	1.32
5568	1.32
5569	1.38
5570	1.25
5571	1.21
5572	1.22
5573	1.21
5574	1.31
5575	1.60
5576	1.28
5577	1.35
5578	1.42
5579	1.47
5580	1.32
5581	1.33
5582	1.29
5583	1.42
5584	1.31
5585	1.43
5586	1.39
5587	1.63
5588	2.03
5589	2.03
5590	2.02
5591	1.66
5592	1.84
5593	1.86
5594	1.89
5595	1.65
5596	1.66
5597	1.75
5598	1.70
5599	1.63
5600	1.65
5601	1.69
5602	1.50
5603	1.29
5604	1.21
5605	1.33
5606	1.48
5607	1.29
5608	1.17
5609	1.15
5610	1.21
5611	1.04
5612	1.21
5613	1.89
5614	2.68
5615	2.53
5616	2.11
5617	2.24
5618	2.46
5619	2.52
5620	2.67
5621	2.47
5622	2.46
5623	2.40
5624	2.35
5625	2.37
5626	1.98
5627	2.06
5628	1.99
5629	1.96
5630	1.85
5631	2.02
5632	2
5633	1.70
5634	1.66
5635	1.67
5636	1.61
5637	1.62
5638	1.43
5639	1.68
5640	1.55
5641	1.53
5642	1.53
5643	1.73
5644	1.83
5645	2.05
5646	1.60
5647	1.67
5648	1.60
5649	1.52
5650	1.61
5651	1.46
5652	1.39
5653	1.31
5654	1.30
5655	1.57
5656	1.51
5657	1.40
5658	1.41
5659	1.37
5660	1.30
5661	1.33
5662	1.53
5663	1.51
5664	1.75
5665	1.76
5666	1.84
5667	1.97
5668	1.90
5669	1.99
5670	2.08
5671	2.30
5672	2.13
5673	2.20
5674	2.72
5675	2.36
5676	2.50
5677	2.31
5678	2.40
5679	2.27
5680	2.40
5681	2.32
5682	2.46
5683	2.58
5684	2.53
5685	2.57
5686	2.29
5687	2.15
5688	1.91
5689	2.16
5690	2.27
5691	2.13
5692	2.33
5693	2.74
5694	2.82
5695	2.58
5696	2.51
5697	2.63
5698	2.39
5699	2.39
5700	2.44
5701	2.81
5702	3.43
5703	3.39
5704	2.74
5705	2.76
5706	3.33
5707	2.83
5708	2.41
5709	2.54
5710	2.31
5711	2.23
5712	1.82
5713	1.72
5714	1.77
5715	1.69
5716	1.58
5717	1.46
5718	1.58
5719	1.44
5720	1.46
5721	1.81
5722	2.34
5723	2.24
5724	2.18
5725	2.13
5726	2.13
5727	2.13
5728	2.37
5729	2.64
5730	2.49
5731	2.43
5732	2.34
5733	2.03
5734	2.11
5735	2.24
5736	2.11
5737	2.10
5738	2.15
5739	1.94
5740	1.84
5741	1.74
5742	1.79
5743	1.88
5744	1.86
5745	2.04
5746	1.95
5747	1.94
5748	1.77
5749	1.82
5750	1.67
5751	1.74
5752	2.10
5753	2
5754	2.26
5755	2.19
5756	2.53
5757	2.68
5758	3.58
5759	4.45
5760	3.98
5761	3.50
5762	3.23
5763	2.82
5764	3.03
5765	2.68
5766	2.75
5767	2.67
5768	2.36
5769	2.54
5770	2.51
5771	2.42
5772	2.52
5773	2.33
5774	2.38
5775	2.08
5776	1.96
5777	1.97
5778	1.98
5779	1.54
5780	1.51
5781	1.42
5782	1.54
5783	1.73
5784	1.71
5785	1.49
5786	1.63
5787	1.85
5788	1.84
5789	1.61
5790	1.64
5791	1.68
5792	1.61
5793	1.85
5794	1.96
5795	1.99
5796	1.96
5797	1.95
5798	1.84
5799	1.67
5800	1.64
5801	1.57
5802	1.57
5803	1.70
5804	1.77
5805	1.69
5806	1.61
5807	1.72
5808	1.63
5809	1.57
5810	1.40
5811	1.44
5812	1.44
5813	1.49
5814	1.42
5815	1.54
5816	1.42
5817	1.55
5818	1.43
5819	1.49
5820	1.55
5821	1.71
5822	1.66
5823	1.72
5824	2.18
5825	2.12
5826	2.91
5827	3.07
5828	2.77
5829	2.24
5830	2.70
5831	2.54
5832	2.65
5833	2.72
5834	2.50
5835	2.33
5836	2.09
5837	2.01
5838	1.80
5839	1.96
5840	1.82
5841	1.57
5842	1.45
5843	1.50
5844	1.40
5845	1.49
5846	1.35
5847	1.58
5848	1.61
5849	1.57
5850	1.43
5851	1.66
5852	1.71
5853	1.80
5854	2.23
5855	2.29
5856	2.19
5857	2.06
5858	2.33
5859	2.56
5860	2.41
5861	2.23
5862	2.43
5863	2.65
5864	2.45
5865	2.36
5866	2.27
5867	2.33
5868	2.26
5869	2.34
5870	2.14
5871	1.98
5872	1.94
5873	2.15
5874	2.03
5875	2.06
5876	2.15
5877	2.13
5878	1.90
5879	2.08
5880	2.21
5881	2.02
5882	1.78
5883	2.59
5884	2.81
5885	3.23
5886	2.90
5887	2.75
5888	2.82
5889	2.76
5890	3.05
5891	3.02
5892	3.32
5893	3.01
5894	3.19
5895	3.06
5896	2.89
5897	2.99
5898	3.17
5899	2.65
5900	2.68
5901	2.33
5902	2.42
5903	2.28
5904	2.18
5905	2.20
5906	2.09
5907	1.88
5908	1.89
5909	1.79
5910	1.87
5911	1.94
5912	1.96
5913	1.78
5914	1.82
5915	1.77
5916	2.06
5917	1.65
5918	2.06
5919	2.19
5920	2.50
5921	2.21
5922	2.06
5923	2.06
5924	1.89
5925	1.73
5926	1.74
5927	1.59
5928	1.46
5929	1.42
5930	1.42
5931	1.80
5932	1.94
5933	1.58
5934	1.52
5935	1.70
5936	1.30
5937	1.28
5938	1.12
5939	1.20
5940	1.22
5941	1.13
5942	1.07
5943	1.27
5944	1.33
5945	1.56
5946	1.52
5947	1.33
5948	1.15
5949	1.06
5950	1.30
5951	1.48
5952	1.49
5953	1.40
5954	1.55
5955	1.52
5956	1.97
5957	1.85
5958	2.03
5959	2.28
5960	2.40
5961	2.57
5962	2.66
5963	2.72
5964	2.46
5965	2.53
5966	2.42
5967	2.02
5968	2.31
5969	2.31
5970	2.05
5971	1.56
5972	1.72
5973	2.11
5974	2.58
5975	3.59
5976	3.64
5977	3.28
5978	3.15
5979	2.75
5980	2.58
5981	2.68
5982	2.24
5983	2.08
5984	1.68
5985	1.44
5986	1.34
5987	1.37
5988	1.41
5989	1.81
5990	1.73
5991	1.79
5992	1.70
5993	1.62
5994	1.62
5995	1.49
5996	1.47
5997	1.22
5998	1.25
5999	1.62
6000	2.42
6001	2.29
6002	2.21
6003	2.05
6004	1.75
6005	1.62
6006	1.68
6007	1.52
6008	1.61
6009	1.44
6010	1.41
6011	1.47
6012	1.72
6013	1.98
6014	2.01
6015	1.91
6016	1.99
6017	2.38
6018	3.33
6019	3.34
6020	2.60
6021	2.56
6022	2.29
6023	2.67
6024	2.05
6025	1.76
6026	1.49
6027	1.35
6028	1.62
6029	1.71
6030	1.69
6031	1.81
6032	1.65
6033	1.37
6034	2.52
6035	3.85
6036	4.13
6037	3.52
6038	3.25
6039	3.53
6040	3.18
6041	2.59
6042	2.59
6043	2.58
6044	2.45
6045	2.22
6046	2.35
6047	2.59
6048	2.66
6049	2.65
6050	2.59
6051	2.98
6052	2.62
6053	2.67
6054	3.09
6055	3.25
6056	3.04
6057	3.08
6058	3.04
6059	3.17
6060	3.16
6061	2.50
6062	2.54
6063	2.35
6064	2.12
6065	2
6066	2.08
6067	1.91
6068	1.82
6069	1.50
6070	1.60
6071	1.87
6072	2.18
6073	1.91
6074	2.14
6075	2.28
6076	2.19
6077	2.53
6078	2.67
6079	2.54
6080	2.55
6081	2.44
6082	2.68
6083	3.06
6084	2.48
6085	2.62
6086	2.31
6087	2.56
6088	2.52
6089	2.56
6090	2.46
6091	2.16
6092	2.26
6093	2
6094	2.08
6095	2.23
6096	2.04
6097	1.88
6098	2.01
6099	2.02
6100	2.47
6101	2.65
6102	2.65
6103	2.57
6104	2.18
6105	2.18
6106	1.89
6107	1.86
6108	1.74
6109	1.88
6110	1.77
6111	1.87
6112	2.01
6113	1.77
6114	1.71
6115	1.94
6116	1.81
6117	1.98
6118	2.13
6119	1.93
6120	2.23
6121	2.41
6122	2.37
6123	2.82
6124	2.58
6125	2.28
6126	2.37
6127	1.91
6128	2.11
6129	2.08
6130	1.89
6131	1.66
6132	1.63
6133	1.47
6134	1.39
6135	1.37
6136	1.39
6137	2.06
6138	2.88
6139	2.86
6140	2.55
6141	2.56
6142	2.45
6143	2.44
6144	2.08
6145	1.78
6146	1.68
6147	1.43
6148	1.27
6149	1.20
6150	1.83
6151	1.95
6152	2.25
6153	2.01
6154	1.93
6155	1.68
6156	1.69
6157	1.38
6158	1.58
6159	1.94
6160	3.21
6161	2.97
6162	2.85
6163	2.56
6164	2.67
6165	2.36
6166	2.23
6167	2.06
6168	1.91
6169	1.75
6170	1.59
6171	1.40
6172	1.34
6173	1.18
6174	1.15
6175	1.28
6176	1.29
6177	1.21
6178	1.29
6179	1.26
6180	1.47
6181	1.49
6182	1.34
6183	1.30
6184	1.41
6185	1.49
6186	2.79
6187	2.72
6188	2.84
6189	2.69
6190	2.58
6191	2.63
6192	2.64
6193	2.33
6194	2.19
6195	1.98
6196	1.73
6197	1.56
6198	1.53
6199	1.30
6200	1.41
6201	1.31
6202	1.28
6203	1.25
6204	1.60
6205	1.90
6206	2.05
6207	1.92
6208	1.80
6209	1.62
6210	1.69
6211	1.36
6212	1.39
6213	1.44
6214	1.48
6215	1.57
6216	1.46
6217	1.50
6218	2.45
6219	2.52
6220	2.36
6221	2.58
6222	2.48
6223	2.09
6224	2.75
6225	1.98
6226	2.15
6227	2.12
6228	2.26
6229	2.26
6230	2.28
6231	2.20
6232	2.01
6233	1.95
6234	1.92
6235	1.73
6236	1.83
6237	1.86
6238	1.95
6239	1.70
6240	1.52
6241	1.69
6242	1.79
6243	1.82
6244	1.65
6245	1.52
6246	1.47
6247	1.60
6248	1.49
6249	1.40
6250	1.39
6251	1.45
6252	1.67
6253	1.79
6254	1.84
6255	1.65
6256	1.62
6257	1.53
6258	1.61
6259	1.79
6260	1.53
6261	1.47
6262	1.41
6263	1.33
6264	1.18
6265	1.38
6266	1.61
6267	1.72
6268	1.69
6269	1.55
6270	1.48
6271	1.34
6272	1.22
6273	1.20
6274	1.45
6275	2.18
6276	2.50
6277	2.72
6278	2.60
6279	2.68
6280	2.51
6281	2.19
6282	1.86
6283	1.61
6284	1.57
6285	1.24
6286	1.27
6287	1.25
6288	1.19
6289	1.12
6290	1.19
6291	1.25
6292	1.68
6293	1.96
6294	2.25
6295	2.57
6296	2.38
6297	2.09
6298	2
6299	2.08
6300	1.73
6301	1.62
6302	1.53
6303	1.80
6304	1.61
6305	1.49
6306	1.21
6307	1.29
6308	1.32
6309	1.31
6310	1.47
6311	1.85
6312	1.77
6313	1.35
6314	1.36
6315	1.15
6316	1.34
6317	1.15
6318	1.15
6319	1.16
6320	1.13
6321	1.19
6322	1.21
6323	1.12
6324	1.55
6325	1.64
6326	1.78
6327	1.93
6328	1.58
6329	1.34
6330	1.18
6331	1.29
6332	1.16
6333	1.15
6334	1.23
6335	1.39
6336	1.31
6337	1.29
6338	1.12
6339	1.18
6340	1.28
6341	1.42
6342	1.65
6343	1.60
6344	1.51
6345	1.61
6346	1.69
6347	1.85
6348	1.67
6349	1.78
6350	1.59
6351	1.83
6352	1.73
6353	1.72
6354	1.74
6355	1.63
6356	1.52
6357	1.44
6358	1.50
6359	1.59
6360	1.45
6361	1.37
6362	1.43
6363	1.75
6364	1.56
6365	1.62
6366	1.79
6367	1.88
6368	1.90
6369	1.86
6370	2.04
6371	2.14
6372	2.17
6373	1.97
6374	2.09
6375	2.06
6376	2.10
6377	2.27
6378	2.14
6379	1.97
6380	1.96
6381	1.77
6382	1.60
6383	1.63
6384	1.36
6385	1.42
6386	1.47
6387	1.48
6388	1.21
6389	1.16
6390	1.21
6391	1.16
6392	1.49
6393	1.79
6394	1.62
6395	1.52
6396	1.39
6397	1.40
6398	1.41
6399	1.42
6400	1.28
6401	1.30
6402	1.23
6403	1.12
6404	0.930
6405	1.06
6406	1.40
6407	1.35
6408	1.37
6409	1.29
6410	1.24
6411	1.24
6412	1.20
6413	1.19
6414	1.24
6415	1.31
6416	1.37
6417	1.19
6418	1.25
6419	1.30
6420	1.38
6421	1.40
6422	1.27
6423	1.34
6424	1.35
6425	1.55
6426	1.40
6427	1.29
6428	1.31
6429	1.28
6430	1.58
6431	1.47
6432	1.71
6433	1.52
6434	1.85
6435	1.47
6436	1.46
6437	1.58
6438	1.48
6439	1.49
6440	1.46
6441	1.38
6442	1.33
6443	1.66
6444	1.58
6445	1.79
6446	1.69
6447	1.71
6448	1.67
6449	1.59
6450	1.56
6451	1.50
6452	1.49
6453	1.62
6454	1.40
6455	1.59
6456	1.46
6457	1.62
6458	1.73
6459	1.66
6460	1.73
6461	1.97
6462	1.72
6463	1.62
6464	1.65
6465	1.67
6466	1.60
6467	1.43
6468	1.47
6469	1.65
6470	1.63
6471	1.69
6472	1.63
6473	1.65
6474	1.47
6475	1.50
6476	1.45
6477	1.46
6478	1.28
6479	1.20
6480	1.28
6481	1.31
6482	1.30
6483	1.31
6484	1.22
6485	1.22
6486	1.34
6487	1.26
6488	1.43
6489	1.55
6490	1.63
6491	1.63
6492	1.58
6493	1.56
6494	1.49
6495	1.74
6496	1.82
6497	1.64
6498	1.65
6499	1.49
6500	1.54
6501	1.49
6502	1.56
6503	1.57
6504	1.55
6505	1.48
6506	1.53
6507	1.45
6508	1.46
6509	1.40
6510	1.41
6511	1.44
6512	1.42
6513	1.40
6514	1.47
6515	1.63
6516	1.46
6517	1.41
6518	1.46
6519	1.61
6520	1.62
6521	1.61
6522	1.46
6523	1.69
6524	1.53
6525	1.65
6526	1.63
6527	1.53
6528	1.65
6529	1.71
6530	1.64
6531	1.69
6532	1.56
6533	1.80
6534	1.75
6535	1.78
6536	1.84
6537	1.76
6538	1.84
6539	1.75
6540	1.79
6541	1.65
6542	1.63
6543	1.62
6544	1.64
6545	1.53
6546	1.55
6547	1.59
6548	1.42
6549	1.53
6550	1.52
6551	1.68
6552	1.60
6553	1.50
6554	1.79
6555	1.72
6556	1.58
6557	1.44
6558	1.53
6559	1.45
6560	1.36
6561	1.46
6562	1.47
6563	1.39
6564	1.65
6565	1.64
6566	1.65
6567	1.88
6568	1.93
6569	1.89
6570	1.92
6571	1.85
6572	1.65
6573	1.72
6574	1.78
6575	1.80
6576	1.78
6577	1.63
6578	1.71
6579	1.68
6580	1.62
6581	1.68
6582	1.81
6583	1.79
6584	1.70
6585	1.74
6586	1.63
6587	1.68
6588	1.77
6589	1.73
6590	1.71
6591	1.62
6592	1.67
6593	1.48
6594	1.62
6595	1.61
6596	1.48
6597	1.45
6598	1.49
6599	1.56
6600	1.22
6601	1.26
6602	1.14
6603	1.11
6604	1.18
6605	1.13
6606	1.12
6607	1.11
6608	1.25
6609	1.10
6610	1.18
6611	1.22
6612	1.31
6613	1.31
6614	1.16
6615	1.13
6616	1.24
6617	1.23
6618	1.20
6619	1.34
6620	1.36
6621	1.40
6622	1.56
6623	1.55
6624	1.52
6625	1.50
6626	1.78
6627	1.62
6628	1.72
6629	1.58
6630	1.55
6631	1.62
6632	1.41
6633	1.39
6634	1.24
6635	1.10
6636	1.11
6637	1.10
6638	1.08
6639	1.12
6640	1.08
6641	1.02
6642	1.10
6643	1.15
6644	1.23
6645	1.23
6646	1.24
6647	1.19
6648	1.14
6649	1.15
6650	1.39
6651	1.39
6652	1.62
6653	1.59
6654	1.61
6655	1.75
6656	1.64
6657	1.65
6658	1.55
6659	1.55
6660	1.39
6661	1.37
6662	1.22
6663	1.18
6664	1.14
6665	1.15
6666	1.17
6667	1.14
6668	1.07
6669	1.04
6670	0.930
6671	1
6672	0.870
6673	0.960
6674	0.990
6675	1.09
6676	1.22
6677	1.36
6678	1.36
6679	1.19
6680	1.30
6681	1.23
6682	1.36
6683	1.42
6684	1.53
6685	1.40
6686	1.52
6687	1.68
6688	1.78
6689	1.55
6690	1.50
6691	1.52
6692	1.55
6693	1.36
6694	1.60
6695	1.53
6696	1.60
6697	1.69
6698	1.71
6699	1.86
6700	1.67
6701	1.73
6702	1.86
6703	1.68
6704	1.52
6705	1.47
6706	1.76
6707	1.54
6708	1.37
6709	1.26
6710	1.27
6711	1.40
6712	1.37
6713	1.34
6714	1.30
6715	1.21
6716	1.10
6717	1.08
6718	0.970
6719	1.09
6720	1.34
6721	1.32
6722	1.28
6723	1.27
6724	1.15
6725	1.22
6726	1.23
6727	1.26
6728	1.10
6729	1.15
6730	1.05
6731	1.01
6732	1.07
6733	1.07
6734	0.980
6735	1.01
6736	1.03
6737	0.960
6738	0.970
6739	0.980
6740	1.06
6741	1.09
6742	1.13
6743	1.13
6744	1.09
6745	1.03
6746	1
6747	1.11
6748	1.11
6749	1.33
6750	1.27
6751	1.41
6752	1.50
6753	1.36
6754	1.30
6755	1.35
6756	1.22
6757	1.22
6758	1.19
6759	1.14
6760	1.13
6761	1.17
6762	1.07
6763	1.07
6764	0.940
6765	0.980
6766	0.960
6767	1.01
6768	0.950
6769	1.02
6770	1.08
6771	1
6772	1.10
6773	1.06
6774	1
6775	1.06
6776	1.09
6777	1.23
6778	1.44
6779	1.40
6780	1.36
6781	1.32
6782	1.49
6783	1.70
6784	1.95
6785	1.87
6786	2.31
6787	2.02
6788	1.74
6789	1.79
6790	1.77
6791	1.76
6792	1.66
6793	1.84
6794	2.22
6795	2.35
6796	3.05
6797	3
6798	2.52
6799	2.28
6800	2.05
6801	1.89
6802	1.69
6803	1.39
6804	1.45
6805	1.38
6806	1.33
6807	1.37
6808	1.44
6809	1.42
6810	1.56
6811	1.55
6812	1.49
6813	1.27
6814	1.15
6815	1.14
6816	1.18
6817	1.03
6818	1.14
6819	1.11
6820	0.960
6821	1.01
6822	0.990
6823	1.08
6824	1.03
6825	0.940
6826	0.910
6827	0.870
6828	0.850
6829	0.890
6830	0.870
6831	0.870
6832	0.850
6833	0.800
6834	0.850
6835	0.760
6836	0.970
6837	1.03
6838	1.06
6839	0.910
6840	0.910
6841	0.920
6842	0.910
6843	0.890
6844	0.930
6845	0.910
6846	0.790
6847	0.870
6848	0.920
6849	0.960
6850	0.950
6851	0.840
6852	0.860
6853	0.920
6854	0.920
6855	0.900
6856	0.980
6857	1.25
6858	1.42
6859	1.71
6860	1.60
6861	1.44
6862	1.18
6863	1.11
6864	1.08
6865	1.09
6866	1.10
6867	1.06
6868	1.05
6869	1.07
6870	1.08
6871	1.16
6872	1.14
6873	1.23
6874	1.29
6875	1.19
6876	1.12
6877	1.15
6878	1.04
6879	0.990
6880	0.920
6881	0.870
6882	0.830
6883	0.880
6884	0.800
6885	0.840
6886	0.850
6887	0.840
6888	0.860
6889	0.920
6890	0.890
6891	0.960
6892	1.06
6893	1.03
6894	1.26
6895	1.55
6896	1.56
6897	1.31
6898	1.28
6899	1.34
6900	1.29
6901	1.36
6902	1.96
6903	1.90
6904	2.01
6905	1.75
6906	1.62
6907	1.28
6908	1.27
6909	1.15
6910	1.07
6911	1.13
6912	1.34
6913	1.36
6914	1.54
6915	1.36
6916	1.55
6917	1.38
6918	1.31
6919	1.25
6920	1.30
6921	1.18
6922	1.08
6923	1.08
6924	1.01
6925	0.950
6926	1.08
6927	1.05
6928	1.18
6929	1.60
6930	2.27
6931	2.24
6932	2.24
6933	2.48
6934	2.12
6935	2.21
6936	1.83
6937	1.74
6938	1.60
6939	1.72
6940	1.94
6941	1.59
6942	1.44
6943	1.45
6944	1.46
6945	1.48
6946	1.50
6947	1.51
6948	1.48
6949	1.37
6950	1.34
6951	1.23
6952	1.49
6953	1.47
6954	1.71
6955	1.59
6956	1.84
6957	1.49
6958	1.46
6959	1.31
6960	1.63
6961	1.74
6962	1.89
6963	1.85
6964	2.09
6965	1.90
6966	2
6967	1.97
6968	1.73
6969	1.71
6970	1.58
6971	1.70
6972	1.69
6973	1.76
6974	1.62
6975	1.60
6976	1.59
6977	1.47
6978	1.52
6979	1.50
6980	1.46
6981	1.43
6982	1.39
6983	1.40
6984	1.47
6985	1.51
6986	1.47
6987	1.42
6988	1.41
6989	1.45
6990	1.59
6991	1.41
6992	1.29
6993	1.24
6994	1.28
6995	1.34
6996	1.23
6997	1.31
6998	1.25
6999	1.57
7000	1.33
7001	1.33
7002	1.22
7003	1.25
7004	1.45
7005	1.50
7006	1.47
7007	1.68
7008	1.42
7009	1.35
7010	1.32
7011	1.30
7012	1.19
7013	1.15
7014	1.20
7015	1.16
7016	1.16
7017	1.18
7018	1.48
7019	2.22
7020	2.28
7021	2.20
7022	1.92
7023	1.89
7024	1.68
7025	1.69
7026	1.68
7027	1.55
7028	1.59
7029	1.44
7030	1.41
7031	1.46
7032	1.51
7033	1.31
7034	1.46
7035	1.45
7036	1.63
7037	1.61
7038	1.50
7039	1.40
7040	1.40
7041	1.31
7042	1.50
7043	1.51
7044	1.46
7045	1.63
7046	1.58
7047	1.56
7048	1.47
7049	1.43
7050	1.33
7051	1.41
7052	1.53
7053	1.71
7054	2.20
7055	2.10
7056	1.97
7057	1.96
7058	1.86
7059	2
7060	1.85
7061	1.9875
7062	2.1075
7063	1.9525
7064	1.94
7065	1.985
7066	1.9175
7067	1.8475
7068	1.8775
7069	1.8175
7070	1.7175
7071	1.805
7072	1.87
7073	1.9375
7074	2.135
7075	2.10
7076	1.99
7077	1.9825
7078	1.8475
7079	1.875
7080	1.845
7081	1.79
7082	1.84
7083	1.7625
7084	1.8325
7085	2.19
7086	2.1975
7087	2.195
7088	1.9425
7089	1.995
7090	2.0275
7091	2.12
7092	2.16
7093	1.92
7094	1.9425
7095	1.83
7096	1.825
7097	1.715
7098	1.7175
7099	1.8375
7100	1.7975
7101	1.7975
7102	1.805
7103	1.9975
7104	1.9875
7105	2.1425
7106	2.075
7107	2.0375
7108	1.9875
7109	1.9325
7110	2.0625
7111	1.955
7112	1.9075
7113	1.9325
7114	2.0075
7115	2.125
7116	2.0125
7117	1.9525
7118	1.8525
7119	1.845
7120	2.1875
7121	2.5075
7122	2.47
7123	2.41
7124	2.41
7125	2.395
7126	2.235
7127	2.4175
7128	2.5325
7129	2.4025
7130	2.1475
7131	2.4025
7132	2.2225
7133	2.2475
7134	2.385
7135	2.28
7136	2.7525
7137	2.45
7138	2.3725
7139	2.225
7140	2.1675
7141	2.16
7142	2.105
7143	2.0725
7144	2.025
7145	2.0225
7146	1.8825
7147	1.7775
7148	1.6625
7149	1.8275
7150	1.9125
7151	2.09
7152	1.9825
7153	2.2175
7154	2.1825
7155	2.13
7156	2.0125
7157	2.0825
7158	1.845
7159	1.885
7160	1.855
7161	1.9525
7162	2.1525
7163	2.1375
7164	2.0725
7165	2.58
7166	2.70
7167	2.705
7168	2.5725
7169	2.635
7170	2.545
7171	2.4125
7172	2.3375
7173	2.2475
7174	2.45
7175	2.385
7176	2.19
7177	1.9575
7178	2.0475
7179	1.92
7180	1.8975
7181	1.52
7182	1.57
7183	1.67
7184	1.54
7185	1.66
7186	1.46
7187	1.46
7188	1.50
7189	1.52
7190	1.61
7191	1.73
7192	1.98
7193	2
7194	2.30
7195	2.25
7196	2.40
7197	2.09
7198	2.13
7199	2.26
7200	2.28
7201	2.13
7202	1.95
7203	2.05
7204	2.25
7205	2.29
7206	2.16
7207	2.34
7208	2.12
7209	1.84
7210	1.74
7211	1.74
7212	1.89
7213	1.86
7214	1.56
7215	1.65
7216	1.68
7217	1.69
7218	1.69
7219	1.66
7220	1.68
7221	1.40
7222	1.32
7223	1.39
7224	1.68
7225	1.56
7226	1.43
7227	1.44
7228	1.50
7229	1.60
7230	1.76
7231	1.91
7232	2.03
7233	2.18
7234	2
7235	1.83
7236	2.03
7237	1.62
7238	1.62
7239	1.53
7240	1.46
7241	1.39
7242	1.26
7243	1.24
7244	1.32
7245	1.42
7246	1.39
7247	1.36
7248	1.27
7249	1.44
7250	1.41
7251	1.78
7252	2.39
7253	2.21
7254	2.30
7255	2.22
7256	2.89
7257	2.81
7258	2.77
7259	2.69
7260	2.70
7261	2.55
7262	2.49
7263	2.50
7264	2.62
7265	2.87
7266	2.89
7267	2.97
7268	3.06
7269	3.17
7270	3.32
7271	3.26
7272	3.48
7273	3.23
7274	3.11
7275	3.10
7276	3.29
7277	2.84
7278	2.68
7279	2.73
7280	2.91
7281	2.67
7282	2.71
7283	2.57
7284	2.45
7285	2.46
7286	2.60
7287	2.53
7288	2.36
7289	2.23
7290	2.11
7291	2.19
7292	1.89
7293	1.85
7294	1.70
7295	1.73
7296	1.66
7297	1.61
7298	1.72
7299	1.87
7300	1.87
7301	2.01
7302	2.22
7303	2.32
