1	2.04
2	1.93
3	2.44
4	2.35
5	2.56
6	2.49
7	2.68
8	2.46
9	2.47
10	2.48
11	2.09
12	2.06
13	2.07
14	1.81
15	1.57
16	1.70
17	1.66
18	1.55
19	1.48
20	1.54
21	1.39
22	1.69
23	1.53
24	1.68
25	1.42
26	1.38
27	1.34
28	1.25
29	1.19
30	1.17
31	0.970
32	1.22
33	1.55
34	1.58
35	1.43
36	1.70
37	1.67
38	1.51
39	1.49
40	1.75
41	1.71
42	1.63
43	2.12
44	2.20
45	2.41
46	2.31
47	2.37
48	2.56
49	2.48
50	2.21
51	2.18
52	2.13
53	2.08
54	2.04
55	2
56	1.89
57	2
58	2.41
59	2.57
60	2.48
61	2.24
62	2
63	1.98
64	1.90
65	1.92
66	1.87
67	1.80
68	1.80
69	2.16
70	2
71	2.02
72	2.08
73	2.23
74	2.15
75	1.88
76	2.32
77	1.92
78	1.98
79	1.85
80	1.51
81	1.68
82	2.07
83	1.58
84	1.92
85	2.01
86	1.89
87	2
88	2.16
89	1.91
90	1.88
91	1.59
92	1.69
93	1.36
94	1.53
95	1.43
96	2.27
97	2.80
98	2.52
99	2.87
100	2.98
101	2.80
102	2.59
103	2.74
104	2.83
105	2.85
106	2.46
107	2.29
108	2.23
109	2.11
110	1.90
111	1.91
112	1.80
113	1.80
114	1.70
115	1.56
116	1.59
117	1.51
118	1.41
119	1.51
120	1.49
121	1.80
122	1.89
123	1.67
124	1.73
125	1.59
126	1.48
127	1.45
128	1.34
129	1.40
130	1.44
131	1.60
132	1.52
133	1.49
134	1.54
135	1.87
136	1.51
137	1.87
138	2.07
139	1.87
140	1.78
141	2.03
142	2.05
143	2.16
144	2.22
145	2.22
146	2.56
147	2.86
148	2.78
149	2.54
150	2.55
151	2.41
152	2.70
153	2.53
154	2.48
155	2.25
156	2.44
157	2.07
158	2.11
159	2.03
160	2.14
161	2.11
162	2.10
163	2.26
164	2.31
165	2.07
166	2.32
167	2.45
168	2.54
169	2.37
170	2.35
171	2.20
172	2.25
173	2.39
174	2.11
175	2.24
176	2.01
177	2.07
178	1.94
179	2.19
180	1.88
181	2.32
182	2.32
183	2.43
184	2.31
185	2.24
186	2.01
187	2.06
188	1.83
189	2.29
190	2.71
191	2.88
192	3.04
193	3.25
194	2.83
195	3.18
196	2.70
197	2.70
198	2.83
199	2.66
200	2.79
201	2.48
202	2.09
203	1.88
204	1.92
205	1.61
206	1.71
207	2.08
208	2.78
209	4.43
210	3.99
211	3.44
212	3.11
213	2.49
214	2.41
215	1.91
216	1.49
217	1.42
218	1.34
219	1.24
220	1.30
221	1.25
222	1.63
223	2.14
224	2.14
225	2.30
226	2.20
227	2.21
228	2.28
229	2.02
230	2.04
231	2.07
232	2.33
233	2.12
234	2.05
235	2.30
236	2.25
237	2.33
238	2.47
239	2.27
240	2.28
241	1.96
242	1.83
243	1.73
244	1.61
245	1.46
246	1.37
247	1.15
248	1.27
249	1.87
250	1.74
251	1.62
252	1.96
253	2
254	2.01
255	2.09
256	2.08
257	2.06
258	2.18
259	2.67
260	2.53
261	2.22
262	2.26
263	2.11
264	2.05
265	2.07
266	1.96
267	1.87
268	1.78
269	1.84
270	1.76
271	1.74
272	1.72
273	1.69
274	1.81
275	2.12
276	1.96
277	1.60
278	1.81
279	2.23
280	1.87
281	1.88
282	2.27
283	2.64
284	2.38
285	2.16
286	2.04
287	2.03
288	2.04
289	1.80
290	2.04
291	2.02
292	1.72
293	1.76
294	1.78
295	1.72
296	1.93
297	1.89
298	2.09
299	1.88
300	2.11
301	2.19
302	2.19
303	2.05
304	1.64
305	1.59
306	1.40
307	1.59
308	1.39
309	1.47
310	1.92
311	1.83
312	1.62
313	1.93
314	1.93
315	1.81
316	1.72
317	1.92
318	2.08
319	2.21
320	1.93
321	2.62
322	2.99
323	2.98
324	2.70
325	2.45
326	2.86
327	2.29
328	1.88
329	1.74
330	1.49
331	1.48
332	1.28
333	1.31
334	1.19
335	1.25
336	1.30
337	1.19
338	1.12
339	1.17
340	1.28
341	1.26
342	1.28
343	1.32
344	1.49
345	1.38
346	1.38
347	1.30
348	1.39
349	1.28
350	1.43
351	1.39
352	1.30
353	1.40
354	1.44
355	1.42
356	1.57
357	1.61
358	1.61
359	1.58
360	1.76
361	1.64
362	1.62
363	1.70
364	1.59
365	1.67
366	1.53
367	1.72
368	1.54
369	1.47
370	1.35
371	1.30
372	1.31
373	1.37
374	1.59
375	1.56
376	1.74
377	2.33
378	2.37
379	2.33
380	2.59
381	2.59
382	2.22
383	2.17
384	1.92
385	1.80
386	1.69
387	1.62
388	1.57
389	1.60
390	1.58
391	1.51
392	1.49
393	1.65
394	1.65
395	1.44
396	1.46
397	1.37
398	1.24
399	1.12
400	1.12
401	1.10
402	1.01
403	0.910
404	0.900
405	0.840
406	0.840
407	0.990
408	1.07
409	1.17
410	1.35
411	1.34
412	1.28
413	1.42
414	1.43
415	1.66
416	1.46
417	1.48
418	1.60
419	1.53
420	1.57
421	1.46
422	1.48
423	1.63
424	1.62
425	1.55
426	1.48
427	1.29
428	1.33
429	1.40
430	1.61
431	1.50
432	1.65
433	2.35
434	2.18
435	2.60
436	2.09
437	2.13
438	2.05
439	2.20
440	2.24
441	2.07
442	2.43
443	2.90
444	2.20
445	2.27
446	2.15
447	1.87
448	1.74
449	1.65
450	1.74
451	1.89
452	2.27
453	1.94
454	1.79
455	1.50
456	1.47
457	1.75
458	1.99
459	1.89
460	1.82
461	2.47
462	3.07
463	2.74
464	2.90
465	2.73
466	2.79
467	3.08
468	3.03
469	2.84
470	2.69
471	3.13
472	2.82
473	2.56
474	2.76
475	2.50
476	2.55
477	2.28
478	2.11
479	2.16
480	1.91
481	1.97
482	1.76
483	1.77
484	1.70
485	1.70
486	1.76
487	1.79
488	1.63
489	1.63
490	1.40
491	1.24
492	1.17
493	1.62
494	1.65
495	1.86
496	1.65
497	1.62
498	2.19
499	1.76
500	1.69
501	1.51
502	1.36
503	1.37
504	1.20
505	1.36
506	1.43
507	1.38
508	1.46
509	1.44
510	1.54
511	1.40
512	1.43
513	1.28
514	1.25
515	1.08
516	1.03
517	0.950
518	0.970
519	0.960
520	0.870
521	0.850
522	1.07
523	1.22
524	1.09
525	1.14
526	1.84
527	2.08
528	2.23
529	2.33
530	2.03
531	1.68
532	1.76
533	1.95
534	2.19
535	1.94
536	2.08
537	1.82
538	1.67
539	1.63
540	1.42
541	1.50
542	1.45
543	1.46
544	1.49
545	1.33
546	1.42
547	1.77
548	1.19
549	1.64
550	1.50
551	1.39
552	1.56
553	1.66
554	2
555	1.88
556	1.95
557	1.85
558	1.87
559	1.85
560	1.68
561	1.69
562	1.67
563	1.70
564	1.81
565	1.73
566	1.40
567	1.38
568	1.24
569	1.28
570	1.30
571	1.16
572	1.08
573	1.07
574	1
575	0.990
576	0.860
577	0.980
578	0.970
579	0.930
580	0.930
581	0.860
582	0.940
583	1.11
584	1.21
585	1.12
586	1.15
587	1.12
588	1.12
589	1.13
590	1.12
591	1.13
592	1.16
593	1.15
594	1.28
595	1.08
596	1.11
597	1.15
598	1.06
599	1.03
600	1.16
601	1.20
602	1.28
603	1.24
604	1.25
605	1.21
606	1.28
607	1.21
608	1.32
609	1.19
610	1.30
611	1.29
612	1.20
613	1.14
614	1.13
615	1.03
616	1.05
617	1.15
618	1.01
619	0.980
620	0.940
621	0.840
622	0.730
623	0.780
624	0.790
625	0.760
626	0.750
627	0.730
628	0.770
629	0.790
630	0.840
631	0.960
632	1.21
633	2.25
634	2.72
635	2.04
636	1.39
637	1.29
638	1
639	1.31
640	1.13
641	1.47
642	1.52
643	1.49
644	1.33
645	1.24
646	1.33
647	1.28
648	1.01
649	1.03
650	1.08
651	1.14
652	1.10
653	0.900
654	0.840
655	0.790
656	0.770
657	0.810
658	0.710
659	0.760
660	0.720
661	0.740
662	0.930
663	1
664	1.03
665	1.07
666	1.17
667	1.52
668	1.32
669	1.23
670	1.17
671	1.23
672	1.21
673	1.29
674	1.33
675	1.38
676	1.45
677	1.52
678	1.60
679	1.44
680	1.60
681	1.46
682	1.55
683	1.43
684	1.59
685	1.55
686	1.65
687	1.63
688	1.56
689	1.36
690	1.41
691	1.53
692	1.40
693	1.28
694	1.39
695	1.35
696	1.40
697	1.33
698	1.30
699	1.27
700	1.17
701	1.21
702	1.18
703	1.13
704	1.32
705	1.45
706	1.34
707	1.67
708	1.57
709	1.57
710	1.75
711	1.94
712	1.79
713	1.92
714	1.89
715	1.82
716	1.82
717	1.99
718	2.13
719	1.92
720	2.04
721	1.96
722	2.14
723	2.14
724	1.98
725	1.95
726	1.87
727	1.94
728	2.12
729	2.20
730	1.92
731	2
732	1.85
733	1.94
734	2.01
735	1.83
736	1.97
737	2.35
738	1.91
739	1.81
740	2.19
741	1.93
742	1.86
743	1.77
744	1.65
745	1.63
746	1.64
747	1.53
748	1.70
749	1.62
750	1.51
751	1.63
752	2.01
753	1.91
754	1.90
755	1.87
756	1.84
757	1.97
758	1.67
759	1.81
760	1.57
761	1.56
762	1.71
763	1.72
764	1.66
765	1.53
766	1.66
767	1.60
768	1.47
769	1.41
770	1.48
771	1.43
772	1.43
773	1.21
774	1.17
775	1.29
776	1.08
777	1.03
778	1.14
779	1.13
780	1.18
781	1.09
782	0.960
783	1.02
784	1.06
785	0.920
786	0.900
787	0.880
788	1.02
789	0.930
790	1.11
791	1.24
792	1.40
793	1.45
794	1.80
795	2.07
796	2.12
797	1.81
798	2.16
799	2.25
800	1.78
801	1.64
802	1.48
803	1.50
804	1.58
805	1.42
806	1.42
807	1.53
808	1.50
809	1.51
810	1.84
811	2.02
812	2.02
813	2.03
814	2.11
815	2.10
816	2.17
817	2.24
818	2.16
819	2.15
820	2.12
821	2.04
822	1.86
823	1.82
824	1.62
825	1.60
826	1.62
827	1.47
828	1.51
829	1.48
830	1.51
831	1.52
832	1.48
833	1.69
834	1.62
835	1.41
836	1.48
837	1.37
838	1.51
839	1.45
840	1.58
841	1.59
842	1.60
843	1.58
844	1.44
845	1.57
846	1.56
847	1.61
848	1.67
849	1.55
850	1.59
851	1.93
852	2.09
853	2.17
854	2.40
855	2.63
856	2.79
857	2.66
858	2.48
859	2.38
860	2.23
861	1.98
862	1.86
863	1.62
864	1.65
865	1.73
866	1.79
867	1.87
868	1.69
869	1.72
870	1.83
871	1.84
872	1.58
873	1.76
874	1.82
875	1.86
876	1.64
877	1.33
878	1.40
879	1.23
880	1.12
881	1.03
882	0.990
883	1
884	1.06
885	0.960
886	1
887	1.02
888	1.09
889	1.31
890	1.26
891	1.31
892	1.10
893	1.04
894	1.02
895	1.01
896	0.870
897	0.860
898	0.840
899	0.850
900	0.880
901	0.950
902	1.03
903	0.800
904	0.800
905	0.820
906	0.750
907	0.770
908	1.02
909	1.13
910	1.35
911	1.66
912	2.09
913	2.18
914	2.48
915	2.34
916	2.57
917	2.28
918	2.10
919	2.17
920	1.98
921	1.97
922	1.67
923	1.73
924	1.53
925	1.44
926	1.33
927	1.35
928	1.24
929	1.28
930	1.43
931	1.78
932	2.73
933	3.35
934	3.62
935	3.51
936	3.15
937	3.04
938	3.07
939	2.74
940	2.50
941	2.05
942	1.73
943	1.61
944	1.47
945	1.57
946	1.50
947	1.33
948	1.19
949	1.18
950	1.05
951	1.06
952	0.990
953	0.920
954	0.870
955	0.990
956	1.02
957	1.20
958	1.22
959	1.17
960	1.80
961	1.70
962	1.54
963	1.42
964	1.20
965	1.04
966	1.22
967	1.17
968	1.34
969	1.25
970	1.23
971	1.26
972	1.26
973	1.05
974	1.08
975	0.940
976	0.950
977	0.930
978	0.860
979	0.900
980	0.870
981	0.830
982	0.870
983	1.31
984	1.70
985	2.28
986	2.48
987	2.62
988	2.72
989	3.14
990	2.82
991	2.38
992	2.55
993	2.54
994	2.49
995	2.06
996	1.69
997	2.08
998	1.67
999	1.73
1000	1.52
1001	2.14
1002	2.34
1003	2.25
1004	2.76
1005	2.56
1006	2.09
1007	1.97
1008	1.81
1009	1.92
1010	1.87
1011	2.44
1012	3.03
1013	3.02
1014	3.74
1015	4.23
1016	6.12
1017	6.11
1018	5.38
1019	4.87
1020	4.73
1021	3.80
1022	3.61
1023	2.47
1024	2.59
1025	2.01
1026	1.81
1027	1.72
1028	1.69
1029	1.61
1030	1.66
1031	1.84
1032	1.65
1033	1.54
1034	1.36
1035	1.28
1036	1.22
1037	1.22
1038	1.41
1039	1.44
1040	1.42
1041	1.49
1042	1.52
1043	1.54
1044	1.54
1045	1.60
1046	1.46
1047	1.51
1048	1.41
1049	1.31
1050	1.23
1051	1.16
1052	1.29
1053	1.35
1054	1.51
1055	1.47
1056	1.42
1057	1.75
1058	2.17
1059	2.26
1060	1.85
1061	1.95
1062	2.21
1063	2.19
1064	2.25
1065	1.91
1066	2.42
1067	2.53
1068	2.75
1069	3.45
1070	2.81
1071	3.01
1072	2.72
1073	2.72
1074	2.39
1075	2.35
1076	2.36
1077	2.05
1078	1.98
1079	1.72
1080	1.77
1081	1.52
1082	1.38
1083	1.22
1084	1.32
1085	1.45
1086	1.69
1087	2.03
1088	2.70
1089	3.15
1090	2.88
1091	2.30
1092	2.21
1093	1.83
1094	1.55
1095	1.47
1096	1.32
1097	1.19
1098	1.18
1099	1.17
1100	1.19
1101	1.13
1102	1.30
1103	1.34
1104	1.63
1105	2.09
1106	1.78
1107	1.60
1108	1.53
1109	1.75
1110	1.86
1111	1.48
1112	1.31
1113	1.20
1114	1.19
1115	1.26
1116	1.12
1117	1.35
1118	1.09
1119	1.07
1120	1.27
1121	1.37
1122	1.44
1123	1.54
1124	2.30
1125	2.55
1126	2.55
1127	2.49
1128	2.07
1129	1.96
1130	2.16
1131	2.15
1132	1.80
1133	1.72
1134	1.53
1135	1.91
1136	1.76
1137	1.87
1138	1.65
1139	1.81
1140	1.76
1141	1.78
1142	1.89
1143	1.81
1144	1.57
1145	1.57
1146	1.40
1147	1.57
1148	1.46
1149	1.27
1150	1.27
1151	1.34
1152	1.52
1153	1.41
1154	1.54
1155	1.68
1156	1.69
1157	1.61
1158	1.47
1159	1.47
1160	1.44
1161	1.38
1162	1.35
1163	1.39
1164	1.29
1165	1.34
1166	1.15
1167	1.16
1168	1.27
1169	1.24
1170	1.35
1171	1.34
1172	1.25
1173	1.11
1174	1.48
1175	1.53
1176	1.52
1177	1.43
1178	1.54
1179	1.38
1180	1.38
1181	1.38
1182	1.43
1183	1.42
1184	1.41
1185	1.37
1186	1.48
1187	1.50
1188	1.33
1189	1.28
1190	1.40
1191	1.47
1192	1.27
1193	1.29
1194	1.30
1195	1.31
1196	1.30
1197	1.08
1198	1.26
1199	1.30
1200	1.93
1201	2.26
1202	2.41
1203	2.41
1204	2.38
1205	2.31
1206	2.26
1207	1.87
1208	1.77
1209	1.85
1210	1.85
1211	1.54
1212	1.44
1213	1.51
1214	1.54
1215	1.55
1216	1.88
1217	1.93
1218	1.67
1219	1.81
1220	1.96
1221	2.20
1222	2.28
1223	2.10
1224	1.84
1225	1.88
1226	1.58
1227	1.63
1228	1.74
1229	1.85
1230	2.25
1231	2.22
1232	2
1233	2.10
1234	1.96
1235	1.74
1236	1.94
1237	1.69
1238	1.58
1239	1.42
1240	1.40
1241	1.27
1242	2.15
1243	2.85
1244	2.82
1245	2.82
1246	2.60
1247	2.48
1248	2.67
1249	2.32
1250	2.46
1251	2.42
1252	2.16
1253	2.30
1254	2.22
1255	2.08
1256	2.25
1257	2.30
1258	2.02
1259	2.14
1260	2.10
1261	2.05
1262	2.03
1263	1.81
1264	1.70
1265	1.59
1266	1.69
1267	2.02
1268	1.81
1269	2.03
1270	2.02
1271	2.18
1272	1.93
1273	1.91
1274	1.86
1275	2.25
1276	2.27
1277	2.26
1278	2.72
1279	2.64
1280	2.65
1281	2.59
1282	2.51
1283	2.54
1284	2.49
1285	2.25
1286	2.02
1287	1.60
1288	1.92
1289	2.12
1290	1.86
1291	1.91
1292	2.06
1293	2.11
1294	2.33
1295	2.97
1296	3.17
1297	3.34
1298	3.08
1299	3.23
1300	3.01
1301	2.86
1302	2.62
1303	2.67
1304	2.42
1305	2.31
1306	1.93
1307	1.89
1308	1.95
1309	1.68
1310	1.64
1311	1.51
1312	1.47
1313	1.23
1314	1.17
1315	1.17
1316	1.25
1317	1.19
1318	1.23
1319	1.34
1320	1.91
1321	2.55
1322	2.21
1323	2.49
1324	2.81
1325	2.69
1326	2.62
1327	2.56
1328	2.65
1329	2.32
1330	2.71
1331	2.43
1332	2.38
1333	2.05
1334	1.96
1335	1.86
1336	2.09
1337	1.93
1338	1.84
1339	2.25
1340	2.26
1341	2.16
1342	1.85
1343	1.82
1344	1.68
1345	1.73
1346	1.46
1347	1.73
1348	1.71
1349	1.70
1350	1.62
1351	1.93
1352	2.28
1353	2.29
1354	2.37
1355	2.44
1356	3.20
1357	3.04
1358	2.35
1359	2.29
1360	2.46
1361	2.70
1362	2.45
1363	2.75
1364	2.43
1365	3
1366	3.03
1367	2.91
1368	2.64
1369	2.36
1370	2.39
1371	2.90
1372	2.63
1373	2.90
1374	2.93
1375	2.91
1376	2.54
1377	2.32
1378	2.21
1379	2.15
1380	1.96
1381	1.89
1382	1.80
1383	2.22
1384	2.18
1385	1.93
1386	2.02
1387	1.81
1388	1.92
1389	2.05
1390	2.08
1391	2.17
1392	2.29
1393	2.87
1394	3.07
1395	2.61
1396	3.17
1397	3.12
1398	3.10
1399	3.33
1400	3.03
1401	2.88
1402	3.09
1403	3.03
1404	2.94
1405	3
1406	2.93
1407	2.84
1408	2.53
1409	2.38
1410	2.03
1411	1.97
1412	1.91
1413	2.03
1414	3.08
1415	2.72
1416	3.01
1417	3.19
1418	3.42
1419	3.61
1420	3.44
1421	3.76
1422	3.69
1423	3.74
1424	3.34
1425	2.98
1426	3.10
1427	2.96
1428	3
1429	2.70
1430	2.33
1431	2.49
1432	2.44
1433	2.49
1434	2.46
1435	2.18
1436	1.90
1437	1.89
1438	1.79
1439	1.53
1440	1.49
1441	1.38
1442	1.32
1443	1.37
1444	1.46
1445	1.52
1446	1.25
1447	1.27
1448	2.16
1449	2.54
1450	2.77
1451	2.40
1452	2.38
1453	2.28
1454	2.31
1455	2.29
1456	2.46
1457	2.28
1458	2.14
1459	2.26
1460	2.22
1461	2.30
1462	2.23
1463	2.40
1464	2.34
1465	2.58
1466	2.47
1467	2.44
1468	2.69
1469	2.48
1470	2.55
1471	2.29
1472	2.28
1473	2.19
1474	2.28
1475	2.02
1476	2.01
1477	2.35
1478	4.27
1479	3.72
1480	3.79
1481	4.24
1482	3.50
1483	3.07
1484	2.90
1485	2.74
1486	2.86
1487	2.66
1488	2.27
1489	2.27
1490	2.29
1491	2.36
1492	2.09
1493	1.82
1494	1.77
1495	1.89
1496	1.57
1497	1.41
1498	1.36
1499	1.45
1500	1.31
1501	1.23
1502	1.20
1503	1.11
1504	1.10
1505	1.21
1506	1.17
1507	1.38
1508	1.32
1509	1.45
1510	1.71
1511	1.73
1512	1.72
1513	1.94
1514	2.07
1515	2.03
1516	2.07
1517	1.83
1518	1.91
1519	1.90
1520	1.91
1521	2.03
1522	1.70
1523	1.92
1524	1.82
1525	2.05
1526	2.88
1527	3.05
1528	3.52
1529	3.36
1530	3.29
1531	2.96
1532	3.11
1533	2.95
1534	2.56
1535	2.57
1536	2.37
1537	2.19
1538	2.14
1539	2.10
1540	1.84
1541	1.90
1542	2.09
1543	1.73
1544	2.03
1545	2.25
1546	2.20
1547	1.97
1548	2.08
1549	2
1550	1.90
1551	1.66
1552	1.74
1553	1.77
1554	2.01
1555	1.90
1556	1.85
1557	1.87
1558	2.02
1559	2.40
1560	2.25
1561	2.14
1562	2.46
1563	2.31
1564	2.28
1565	2.26
1566	2.22
1567	2.28
1568	2.05
1569	1.95
1570	1.86
1571	1.97
1572	1.72
1573	1.67
1574	1.94
1575	2.26
1576	1.94
1577	2.37
1578	2.52
1579	2.22
1580	1.87
1581	2.02
1582	2.21
1583	2.26
1584	2.11
1585	2.08
1586	2.24
1587	2.31
1588	2.21
1589	2.15
1590	2.14
1591	1.91
1592	1.89
1593	2
1594	2
1595	1.76
1596	1.64
1597	1.68
1598	1.52
1599	1.75
1600	1.73
1601	1.77
1602	2.04
1603	2.69
1604	2.67
1605	3.05
1606	2.80
1607	2.70
1608	2.67
1609	2.25
1610	2.09
1611	1.95
1612	1.72
1613	1.81
1614	1.85
1615	1.90
1616	2.03
1617	2.08
1618	2.06
1619	2
1620	1.81
1621	1.93
1622	1.59
1623	1.63
1624	1.55
1625	1.61
1626	1.62
1627	1.82
1628	2
1629	2.10
1630	2.16
1631	1.95
1632	1.80
1633	1.66
1634	1.74
1635	1.83
1636	2.80
1637	4.01
1638	3.53
1639	3.81
1640	3.19
1641	2.74
1642	2.82
1643	2.56
1644	2.59
1645	2.47
1646	2.21
1647	2.27
1648	2.03
1649	1.81
1650	2.04
1651	1.91
1652	1.82
1653	1.82
1654	1.63
1655	1.47
1656	1.58
1657	1.36
1658	1.30
1659	1.40
1660	1.42
1661	1.40
1662	1.20
1663	1.15
1664	1.11
1665	1.19
1666	1.11
1667	1.10
1668	1.12
1669	1.06
1670	1.42
1671	2.21
1672	2.22
1673	2.57
1674	2.77
1675	2.37
1676	2.18
1677	2.11
1678	2.17
1679	2.08
1680	1.74
1681	1.91
1682	1.94
1683	1.83
1684	1.92
1685	1.95
1686	2.04
1687	2.03
1688	2.18
1689	2.07
1690	2.02
1691	2.19
1692	2.18
1693	2.18
1694	2.95
1695	2.70
1696	2.47
1697	2.41
1698	2.22
1699	2.39
1700	2.37
1701	2.12
1702	2.07
1703	2.25
1704	2.10
1705	1.99
1706	1.89
1707	1.89
1708	2.01
1709	1.91
1710	2.07
1711	1.74
1712	1.74
1713	2.13
1714	2.25
1715	2.18
1716	2.30
1717	2.15
1718	2.03
1719	2.03
1720	2
1721	2.17
1722	2.27
1723	2.23
1724	2.12
1725	2.19
1726	2.52
1727	2.94
1728	2.71
1729	3.28
1730	3.21
1731	3.34
1732	3.49
1733	3.53
1734	3.34
1735	3.23
1736	2.78
1737	2.55
1738	3.35
1739	2.73
1740	2.34
1741	2.65
1742	2.35
1743	2.25
1744	1.97
1745	1.97
1746	1.94
1747	1.91
1748	2.23
1749	2.30
1750	1.97
1751	1.99
1752	2.37
1753	3.10
1754	2.86
1755	2.48
1756	2.25
1757	2.24
1758	2.34
1759	2.10
1760	1.86
1761	1.89
1762	1.96
1763	1.83
1764	1.63
1765	1.52
1766	1.46
1767	1.75
1768	1.58
1769	1.40
1770	1.31
1771	1.36
1772	1.32
1773	1.28
1774	1.31
1775	1.29
1776	1.50
1777	1.51
1778	1.87
1779	2.15
1780	2.19
1781	2.44
1782	2.67
1783	2.88
1784	2.70
1785	2.75
1786	2.66
1787	2.94
1788	2.79
1789	2.84
1790	2.69
1791	2.61
1792	2.22
1793	1.85
1794	1.90
1795	1.68
1796	1.61
1797	1.61
1798	1.79
1799	1.80
1800	1.86
1801	1.80
1802	1.75
1803	1.64
1804	1.53
1805	1.30
1806	1.28
1807	1.26
1808	1.12
1809	0.990
1810	1.15
1811	1.52
1812	1.83
1813	2.49
1814	2.47
1815	2.57
1816	2.74
1817	2.68
1818	2.11
1819	1.98
1820	1.73
1821	1.73
1822	1.68
1823	1.38
1824	1.44
1825	1.35
1826	1.35
1827	1.13
1828	1.15
1829	1.11
1830	1.02
1831	0.970
1832	0.980
1833	0.910
1834	0.750
1835	0.700
1836	0.890
1837	0.840
1838	0.930
1839	1.21
1840	2.09
1841	2.80
1842	3.64
1843	3.13
1844	3.10
1845	2.72
1846	2.51
1847	2.43
1848	2.09
1849	1.58
1850	1.24
1851	1.12
1852	1.02
1853	0.980
1854	0.940
1855	0.930
1856	0.900
1857	1.05
1858	1.72
1859	2.31
1860	2.20
1861	2.28
1862	2.19
1863	2.12
1864	1.80
1865	1.69
1866	1.58
1867	1.45
1868	1.53
1869	1.47
1870	1.45
1871	1.51
1872	1.39
1873	1.54
1874	1.65
1875	1.52
1876	1.33
1877	1.60
1878	2.07
1879	2.21
1880	2.33
1881	2.63
1882	2.70
1883	2.93
1884	2.84
1885	2.88
1886	2.64
1887	2.37
1888	2.48
1889	2.13
1890	2.35
1891	2.15
1892	1.72
1893	1.63
1894	1.38
1895	1.23
1896	1.40
1897	1.47
1898	1.68
1899	1.58
1900	1.43
1901	1.42
1902	1.54
1903	1.47
1904	1.35
1905	1.30
1906	1.29
1907	1.35
1908	1.48
1909	1.46
1910	1.63
1911	1.48
1912	1.35
1913	1.21
1914	1.13
1915	1.11
1916	1.08
1917	0.990
1918	0.990
1919	0.980
1920	1.13
1921	1.17
1922	1.08
1923	1.01
1924	1.07
1925	1.13
1926	1.17
1927	1.31
1928	1.05
1929	1.15
1930	1.41
1931	1.48
1932	1.81
1933	1.92
1934	2.07
1935	2.04
1936	1.90
1937	1.90
1938	2.20
1939	2.47
1940	2.17
1941	2.03
1942	2.25
1943	2.03
1944	2.16
1945	1.03
1946	0.950
1947	1.06
1948	0.850
1949	0.720
1950	0.810
1951	0.700
1952	0.630
1953	0.840
1954	0.780
1955	0.650
1956	0.0400
1957	0.0400
1958	0.0300
1959	0.0400
1960	1.4775
1961	1.4225
1962	1.3225
1963	1.3050
1964	1.1650
1965	0.910
1966	0.970
1967	1.10
1968	1.10
1969	1.10
1970	1.16
1971	1.17
1972	1.30
1973	1.11
1974	1.18
1975	1.06
1976	1.07
1977	1.11
1978	1.09
1979	1.20
1980	1.20
1981	1.50
1982	1.65
1983	1.39
1984	1.37
1985	1.30
1986	1.29
1987	1.26
1988	1.30
1989	1.25
1990	1.27
1991	1.46
1992	1.43
1993	1.56
1994	1.58
1995	1.58
1996	1.35
1997	1.45
1998	1.34
1999	1.37
2000	1.51
2001	1.57
2002	1.34
2003	1.55
2004	1.61
2005	1.80
2006	1.93
2007	2.10
2008	1.91
2009	2.33
2010	2.39
2011	2.27
2012	2.28
2013	2.23
2014	2.08
2015	2.09
2016	2.07
2017	1.77
2018	1.71
2019	1.93
2020	2.31
2021	2.56
2022	2.11
2023	2.35
2024	2.27
2025	2.07
2026	2.03
2027	1.81
2028	1.98
2029	2.03
2030	2.09
2031	1.75
2032	1.86
2033	1.90
2034	2.02
2035	2.15
2036	2.02
2037	1.83
2038	2.06
2039	1.86
2040	1.58
2041	1.71
2042	1.82
2043	1.78
2044	1.56
2045	1.35
2046	1.39
2047	1.36
2048	1.37
2049	1.26
2050	1.26
2051	1.41
2052	1.39
2053	1.19
2054	1.14
2055	1.09
2056	1.19
2057	1.09
2058	1.07
2059	0.940
2060	0.900
2061	0.820
2062	0.840
2063	0.780
2064	0.860
2065	0.860
2066	0.950
2067	0.890
2068	0.920
2069	0.940
2070	0.980
2071	0.990
2072	1.17
2073	1.08
2074	1.12
2075	1.18
2076	1.08
2077	1.13
2078	1.06
2079	0.990
2080	0.930
2081	0.920
2082	0.930
2083	0.760
2084	0.780
2085	0.790
2086	0.710
2087	0.870
2088	0.900
2089	0.810
2090	0.850
2091	1.13
2092	1.21
2093	1.29
2094	1.30
2095	1.44
2096	1.34
2097	1.47
2098	1.46
2099	1.77
2100	1.61
2101	1.56
2102	1.47
2103	1.36
2104	1.40
2105	1.35
2106	1.42
2107	1.21
2108	1.23
2109	1.10
2110	1.16
2111	1.11
2112	1.09
2113	1.04
2114	1.11
2115	1.05
2116	1.11
2117	1.09
2118	1
2119	0.850
2120	0.920
2121	0.970
2122	0.850
2123	0.930
2124	0.920
2125	0.910
2126	1.10
2127	0.960
2128	1
2129	0.890
2130	0.960
2131	0.900
2132	0.950
2133	0.990
2134	1.01
2135	1.10
2136	1.19
2137	1.33
2138	1.26
2139	1.15
2140	1.37
2141	1.36
2142	1.39
2143	1.42
2144	1.32
2145	1.61
2146	1.58
2147	1.52
2148	1.62
2149	1.61
2150	1.70
2151	1.83
2152	1.65
2153	1.62
2154	1.43
2155	1.30
2156	1.33
2157	1.20
2158	1.11
2159	1.14
2160	1.05
2161	0.960
2162	1.01
2163	1.02
2164	1.07
2165	1.09
2166	1.06
2167	1.15
2168	1.11
2169	1.23
2170	1.33
2171	1.39
2172	1.40
2173	1.70
2174	1.38
2175	1.23
2176	1.16
2177	1.04
2178	1.11
2179	0.960
2180	1.09
2181	1.03
2182	1.08
2183	0.960
2184	0.920
2185	0.850
2186	0.910
2187	1.01
2188	1.01
2189	1.10
2190	1.26
2191	1.28
2192	1.52
2193	1.56
2194	1.64
2195	1.80
2196	1.74
2197	1.69
2198	1.68
2199	1.51
2200	1.62
2201	1.64
2202	1.66
2203	1.54
2204	1.63
2205	1.99
2206	2.31
2207	1.64
2208	1.71
2209	1.69
2210	1.66
2211	1.62
2212	1.50
2213	1.41
2214	1.32
2215	1.29
2216	1.42
2217	1.50
2218	1.44
2219	1.44
2220	1.43
2221	1.43
2222	1.39
2223	1.46
2224	1.25
2225	1.35
2226	1.57
2227	1.74
2228	1.41
2229	1.39
2230	1.55
2231	1.46
2232	1.53
2233	1.67
2234	1.53
2235	1.43
2236	1.49
2237	1.49
2238	1.53
2239	1.45
2240	1.37
2241	1.55
2242	1.56
2243	1.79
2244	1.81
2245	2.07
2246	2.08
2247	2.04
2248	1.90
2249	2.06
2250	1.89
2251	2.17
2252	1.83
2253	1.82
2254	1.75
2255	1.54
2256	1.26
2257	1.33
2258	1.36
2259	1.39
2260	1.31
2261	1.36
2262	1.58
2263	1.99
2264	1.95
2265	2.07
2266	2.25
2267	2.18
2268	2.01
2269	2.14
2270	2.19
2271	2.02
2272	2.17
2273	1.94
2274	1.92
2275	1.64
2276	1.73
2277	1.87
2278	1.68
2279	1.75
2280	1.62
2281	1.61
2282	1.72
2283	1.39
2284	1.30
2285	1.19
2286	1.20
2287	1.09
2288	1.11
2289	0.990
2290	1.02
2291	0.960
2292	1.05
2293	1.06
2294	1.13
2295	1.19
2296	1.16
2297	1.28
2298	1.29
2299	1.39
2300	1.34
2301	1.32
2302	1.29
2303	1.25
2304	1.19
2305	1.32
2306	1.48
2307	1.66
2308	1.77
2309	1.92
2310	2.28
2311	1.81
2312	1.73
2313	1.64
2314	1.49
2315	1.54
2316	1.52
2317	1.28
2318	1.10
2319	1.05
2320	0.960
2321	1.03
2322	1.02
2323	1.14
2324	1.17
2325	1.14
2326	1.39
2327	1.93
2328	2.10
2329	1.81
2330	1.57
2331	1.56
2332	1.24
2333	1.21
2334	1.06
2335	0.850
2336	0.890
2337	0.870
2338	1.02
2339	1.04
2340	1.05
2341	1.03
2342	1.24
2343	1.29
2344	1.37
2345	1.33
2346	1.57
2347	1.41
2348	1.32
2349	1.61
2350	1.82
2351	1.51
2352	1.44
2353	1.37
2354	1.43
2355	1.45
2356	1.46
2357	1.56
2358	1.56
2359	1.55
2360	1.92
2361	1.84
2362	1.61
2363	1.37
2364	1.28
2365	1.14
2366	1.11
2367	1.07
2368	1.02
2369	1.15
2370	1.03
2371	1.01
2372	1.03
2373	1.06
2374	1.15
2375	1.14
2376	1.15
2377	1.04
2378	1.19
2379	1.20
2380	1.19
2381	1.27
2382	1.60
2383	1.50
2384	1.35
2385	1.20
2386	1.26
2387	1.14
2388	1.10
2389	1.07
2390	1.15
2391	1.14
2392	1.08
2393	1.24
2394	1.41
2395	1.47
2396	1.74
2397	2.01
2398	1.91
2399	2.01
2400	2.17
2401	2.38
2402	3.17
2403	5.06
2404	4.76
2405	4.21
2406	3.28
2407	3.26
2408	2.50
2409	2
2410	1.74
2411	1.28
2412	1.21
2413	0.960
2414	0.850
2415	0.850
2416	0.950
2417	1.13
2418	1.23
2419	1.18
2420	1.30
2421	1.31
2422	1.13
2423	1.12
2424	1.01
2425	1.06
2426	1.03
2427	1.01
2428	1.08
2429	1.07
2430	1.07
2431	1.03
2432	1
2433	1.05
2434	1.05
2435	1
2436	1.12
2437	1.08
2438	1.07
2439	1.19
2440	1.13
2441	1.21
2442	1.34
2443	1.63
2444	2.86
2445	3.06
2446	2.05
2447	1.81
2448	1.93
2449	1.89
2450	1.87
2451	1.86
2452	1.69
2453	1.48
2454	1.28
2455	1.48
2456	1.28
2457	1.47
2458	1.46
2459	1.99
2460	2.34
2461	2.21
2462	2.67
2463	2.22
2464	2.37
2465	2.23
2466	2.44
2467	2.59
2468	2.61
2469	2.13
2470	1.77
2471	1.91
2472	1.88
2473	1.99
2474	1.58
2475	1.44
2476	1.43
2477	1.30
2478	1.21
2479	1.35
2480	1.20
2481	1.19
2482	1.17
2483	1.17
2484	0.970
2485	1.01
2486	1.18
2487	1.33
2488	1.56
2489	1.40
2490	1.23
2491	1.27
2492	1.70
2493	1.97
2494	2.04
2495	1.68
2496	1.63
2497	1.34
2498	1.18
2499	0.950
2500	0.930
2501	1.14
2502	1.08
2503	1.13
2504	1.08
2505	1.17
2506	1.17
2507	1.46
2508	1.55
2509	1.38
2510	1.49
2511	1.39
2512	1.15
2513	0.990
2514	1.12
2515	1.02
2516	0.970
2517	0.910
2518	0.890
2519	1.02
2520	1.04
2521	1.09
2522	1.07
2523	1.03
2524	1.12
2525	1.20
2526	1.21
2527	1.39
2528	1.22
2529	1.35
2530	1.42
2531	1.48
2532	1.61
2533	1.57
2534	1.50
2535	1.68
2536	1.76
2537	1.51
2538	1.39
2539	1.53
2540	1.55
2541	1.40
2542	1.35
2543	1.43
2544	1.51
2545	1.42
2546	1.44
2547	1.39
2548	1.40
2549	1.39
2550	1.35
2551	1.35
2552	1.45
2553	1.23
2554	1.25
2555	1.16
2556	1.19
2557	1.11
2558	1.06
2559	1.09
2560	1.09
2561	1.34
2562	1.38
2563	1.54
2564	1.74
2565	1.75
2566	1.90
2567	1.81
2568	1.92
2569	1.86
2570	1.75
2571	1.79
2572	1.72
2573	1.73
2574	1.56
2575	1.42
2576	1.27
2577	1.21
2578	1.13
2579	1.13
2580	1.10
2581	1.11
2582	1.13
2583	1.34
2584	1.44
2585	1.51
2586	1.46
2587	1.39
2588	1.46
2589	1.84
2590	1.71
2591	1.62
2592	1.44
2593	1.47
2594	1.38
2595	1.55
2596	1.45
2597	1.56
2598	1.54
2599	1.92
2600	1.78
2601	1.75
2602	1.70
2603	1.86
2604	2.09
2605	2.37
2606	2.44
2607	2.75
2608	2.35
2609	2.44
2610	3.27
2611	3.56
2612	5.31
2613	4.72
2614	3.58
2615	4.03
2616	3.51
2617	3.36
2618	3.05
2619	2.73
2620	2.27
2621	1.89
2622	1.86
2623	1.89
2624	1.93
2625	1.57
2626	1.43
2627	1.39
2628	1.42
2629	1.57
2630	1.61
2631	1.48
2632	1.91
2633	1.74
2634	2.01
2635	2.12
2636	1.87
2637	1.64
2638	1.79
2639	1.66
2640	1.56
2641	1.39
2642	1.27
2643	1.26
2644	1.16
2645	1.17
2646	1.14
2647	1.06
2648	1.09
2649	1.34
2650	1.69
2651	1.45
2652	1.36
2653	1.57
2654	1.76
2655	1.84
2656	1.85
2657	1.75
2658	1.61
2659	1.72
2660	1.87
2661	1.81
2662	1.78
2663	1.89
2664	1.84
2665	1.72
2666	1.61
2667	1.94
2668	2.23
2669	3.57
2670	3.80
2671	4.28
2672	4.45
2673	3.89
2674	3.72
2675	3.48
2676	3.57
2677	3.44
2678	3.17
2679	3.34
2680	2.80
2681	2.48
2682	2.20
2683	2.18
2684	2.23
2685	1.97
2686	1.89
2687	2.18
2688	2.46
2689	2.20
2690	2.16
2691	1.78
2692	2.12
2693	2.18
2694	2.22
2695	1.78
2696	1.63
2697	1.65
2698	1.63
2699	1.67
2700	1.49
2701	1.63
2702	1.56
2703	1.46
2704	1.38
2705	1.37
2706	1.34
2707	1.29
2708	1.18
2709	1.25
2710	1.18
2711	1.22
2712	1.02
2713	1.19
2714	1.06
2715	0.950
2716	1.03
2717	1.42
2718	1.49
2719	1.72
2720	2.10
2721	2.73
2722	2.72
2723	2.41
2724	2.39
2725	2.99
2726	3
2727	2.99
2728	2.64
2729	2.42
2730	2.17
2731	2.60
2732	2.73
2733	2.43
2734	2.48
2735	2.56
2736	2.22
2737	2.41
2738	2.03
2739	1.94
2740	1.91
2741	2.02
2742	2.12
2743	2.22
2744	1.74
2745	1.86
2746	2.12
2747	2.04
2748	2.14
2749	1.92
2750	2.08
2751	2.28
2752	2.04
2753	1.81
2754	1.79
2755	1.98
2756	1.75
2757	1.85
2758	1.46
2759	1.40
2760	1.39
2761	1.42
2762	1.42
2763	1.23
2764	1.16
2765	1.25
2766	1.17
2767	1.32
2768	1.25
2769	1.43
2770	1.45
2771	1.74
2772	1.89
2773	1.55
2774	1.76
2775	2.06
2776	2.21
2777	2.09
2778	1.91
2779	1.98
2780	2.13
2781	1.93
2782	1.65
2783	1.55
2784	1.49
2785	1.68
2786	2.04
2787	2.28
2788	2.48
2789	2.49
2790	2.36
2791	2.52
2792	2.27
2793	1.98
2794	1.80
2795	1.71
2796	1.61
2797	1.67
2798	1.63
2799	1.57
2800	1.53
2801	1.65
2802	2.09
2803	2.03
2804	2.31
2805	2.21
2806	2.04
2807	2.07
2808	1.96
2809	2.03
2810	1.93
2811	2.52
2812	2.99
2813	2.99
2814	2.65
2815	2.72
2816	2.59
2817	2.65
2818	2.91
2819	3.68
2820	2.98
2821	2.61
2822	2.42
2823	2.31
2824	2.08
2825	1.92
2826	2.05
2827	2.12
2828	2.25
2829	1.88
2830	2
2831	1.69
2832	1.76
2833	1.85
2834	2
2835	2.02
2836	2.19
2837	2.02
2838	2.07
2839	2
2840	2.29
2841	2.25
2842	2.22
2843	2.60
2844	2.87
2845	2.79
2846	2.47
2847	2.97
2848	2.89
2849	3.01
2850	2.80
2851	2.70
2852	2.61
2853	2.63
2854	2.42
2855	2.11
2856	1.99
2857	1.92
2858	1.96
2859	1.86
2860	1.64
2861	1.94
2862	1.89
2863	1.92
2864	1.78
2865	2.30
2866	2.33
2867	2.07
2868	2.05
2869	2.02
2870	2.03
2871	1.83
2872	1.58
2873	1.58
2874	1.43
2875	1.45
2876	1.40
2877	1.26
2878	1.15
2879	1.02
2880	1.19
2881	1.39
2882	1.65
2883	1.72
2884	2.46
2885	2.50
2886	2.48
2887	3.43
2888	3.53
2889	3.29
2890	3.31
2891	2.91
2892	2.47
2893	2.83
2894	2.41
2895	2.67
2896	2.54
2897	2.35
2898	1.93
2899	1.73
2900	1.89
2901	1.79
2902	1.53
2903	1.32
2904	1.27
2905	1.31
2906	1.33
2907	1.36
2908	1.36
2909	1.44
2910	1.33
2911	1.28
2912	1.22
2913	1.35
2914	1.37
2915	1.49
2916	1.79
2917	1.65
2918	1.52
2919	1.59
2920	1.63
2921	1.52
2922	1.67
2923	1.51
2924	1.50
2925	2.14
2926	2.62
2927	3.62
2928	4.02
2929	3.63
2930	3.53
2931	3.49
2932	3.04
2933	2.89
2934	2.48
2935	1.91
2936	1.85
2937	1.90
2938	1.98
2939	1.69
2940	1.64
2941	1.53
2942	1.63
2943	1.72
2944	1.73
2945	1.86
2946	1.85
2947	2.24
2948	2.26
2949	2.26
2950	2.34
2951	2.23
2952	2.24
2953	2.30
2954	2.28
2955	2.40
2956	2.84
2957	2.53
2958	2.55
2959	2.61
2960	2.42
2961	2.54
2962	2.62
2963	3
2964	2.60
2965	2.62
2966	2.51
2967	2.50
2968	2.56
2969	2.64
2970	2.90
2971	2.80
2972	2.15
2973	2.14
2974	2.82
2975	2.73
2976	3.08
2977	3.51
2978	3.56
2979	3.21
2980	2.73
2981	2.79
2982	2.68
2983	2.66
2984	2.89
2985	2.45
2986	2.29
2987	2.34
2988	1.89
2989	1.96
2990	2.14
2991	2.11
2992	1.99
2993	1.93
2994	1.73
2995	1.66
2996	1.50
2997	1.61
2998	1.37
2999	1.44
3000	1.41
3001	1.37
3002	1.35
3003	1.56
3004	1.90
3005	2.33
3006	2.30
3007	2.26
3008	1.90
3009	1.70
3010	1.60
3011	1.43
3012	1.46
3013	1.56
3014	1.52
3015	1.54
3016	1.48
3017	1.55
3018	1.63
3019	1.49
3020	1.55
3021	1.60
3022	1.80
3023	1.86
3024	1.81
3025	1.96
3026	2.03
3027	2.02
3028	2.77
3029	2.76
3030	2.59
3031	2.24
3032	2.20
3033	2.13
3034	1.83
3035	1.59
3036	1.80
3037	2.10
3038	1.83
3039	2.16
3040	2.47
3041	2.72
3042	2.17
3043	2.36
3044	2.40
3045	2.24
3046	2.21
3047	2.57
3048	2.17
3049	2.21
3050	2.18
3051	2.06
3052	1.89
3053	1.88
3054	1.58
3055	1.48
3056	1.62
3057	1.88
3058	2.26
3059	2.12
3060	1.95
3061	1.94
3062	1.89
3063	1.79
3064	1.59
3065	1.47
3066	1.46
3067	1.45
3068	1.69
3069	2.22
3070	1.96
3071	1.99
3072	1.67
3073	1.72
3074	1.74
3075	1.84
3076	1.69
3077	1.59
3078	1.48
3079	1.56
3080	1.40
3081	1.29
3082	1.29
3083	1.36
3084	1.32
3085	1.23
3086	1.20
3087	1.15
3088	1.11
3089	1.58
3090	2.89
3091	3.20
3092	3.34
3093	3.59
3094	3.18
3095	3
3096	2.84
3097	2.34
3098	2.34
3099	2.39
3100	2.38
3101	2.34
3102	2.07
3103	1.81
3104	1.55
3105	1.62
3106	1.65
3107	1.78
3108	1.68
3109	1.58
3110	1.56
3111	1.59
3112	1.83
3113	1.94
3114	1.94
3115	2.09
3116	1.98
3117	1.69
3118	1.72
3119	1.59
3120	1.69
3121	2.74
3122	3.24
3123	3.68
3124	3.53
3125	3.56
3126	3.01
3127	3.38
3128	2.93
3129	2.75
3130	2.42
3131	2.27
3132	2.24
3133	2.23
3134	1.89
3135	1.78
3136	1.82
3137	1.51
3138	1.59
3139	1.43
3140	1.61
3141	2.17
3142	2.43
3143	1.99
3144	2.09
3145	2.08
3146	2.33
3147	2.42
3148	2.67
3149	2.61
3150	2.40
3151	1.83
3152	1.54
3153	1.50
3154	1.49
3155	1.94
3156	2.12
3157	2.32
3158	2.20
3159	2.13
3160	2.28
3161	2.20
3162	1.91
3163	1.67
3164	1.36
3165	1.20
3166	1.24
3167	1.24
3168	1.26
3169	1.37
3170	1.48
3171	1.43
3172	1.37
3173	1.27
3174	1.10
3175	1.07
3176	1.53
3177	1.42
3178	1.55
3179	2.55
3180	2.35
3181	1.92
3182	2.18
3183	2.31
3184	2.14
3185	1.84
3186	1.64
3187	1.43
3188	1.57
3189	1.05
3190	0.960
3191	1.33
3192	2.20
3193	2.56
3194	2.77
3195	3.23
3196	2.68
3197	2.92
3198	3.24
3199	3.60
3200	3.23
3201	3.53
3202	3.50
3203	3.50
3204	3.27
3205	2.75
3206	3.45
3207	3.39
3208	3.63
3209	3.54
3210	3.34
3211	3.73
3212	3.59
3213	3.28
3214	2.94
3215	2.78
3216	2.80
3217	2.94
3218	2.34
3219	2.44
3220	1.69
3221	1.89
3222	1.88
3223	2.10
3224	2
3225	1.95
3226	2.27
3227	2.59
3228	2.18
3229	2.29
3230	2.06
3231	2.02
3232	2.12
3233	2.05
3234	1.86
3235	1.70
3236	1.91
3237	1.73
3238	1.72
3239	1.62
3240	1.44
3241	1.52
3242	1.51
3243	1.66
3244	1.49
3245	1.28
3246	1.16
3247	1.12
3248	1.03
3249	0.940
3250	0.920
3251	0.950
3252	1.11
3253	1.32
3254	1.62
3255	1.64
3256	1.94
3257	1.78
3258	1.61
3259	1.52
3260	1.54
3261	1.32
3262	1.26
3263	1.23
3264	1.25
3265	1.25
3266	1.21
3267	1.20
3268	1.12
3269	1.47
3270	1.80
3271	1.74
3272	2.03
3273	2.33
3274	1.86
3275	1.90
3276	1.67
3277	1.59
3278	1.80
3279	1.78
3280	2.04
3281	2.24
3282	2.14
3283	2.24
3284	2.41
3285	2.73
3286	2.75
3287	3.15
3288	2.52
3289	2.71
3290	2.42
3291	2.40
3292	2.13
3293	1.96
3294	2.04
3295	2.07
3296	1.94
3297	1.76
3298	1.78
3299	1.64
3300	1.53
3301	1.57
3302	1.61
3303	1.69
3304	1.96
3305	1.71
3306	1.83
3307	2.05
3308	2.19
3309	2.10
3310	1.91
3311	1.66
3312	1.79
3313	1.89
3314	1.55
3315	1.64
3316	1.80
3317	2.03
3318	1.96
3319	1.96
3320	2.12
3321	2.08
3322	2.05
3323	1.87
3324	1.77
3325	1.90
3326	1.98
3327	1.89
3328	1.97
3329	1.75
3330	1.55
3331	1.57
3332	1.57
3333	1.62
3334	1.81
3335	2.17
3336	2.20
3337	1.97
3338	2.11
3339	1.99
3340	1.91
3341	1.81
3342	1.85
3343	1.52
3344	1.53
3345	1.49
3346	1.62
3347	1.59
3348	1.72
3349	1.59
3350	2.07
3351	1.90
3352	1.82
3353	2.02
3354	2.02
3355	1.87
3356	2.38
3357	2.34
3358	2.47
3359	2.55
3360	2.58
3361	2.45
3362	2.56
3363	2.63
3364	2.27
3365	2.32
3366	2.68
3367	2.45
3368	2.01
3369	2.06
3370	1.95
3371	1.98
3372	1.91
3373	2.08
3374	2.15
3375	1.98
3376	2.12
3377	2.22
3378	2.03
3379	2.14
3380	1.97
3381	1.94
3382	1.79
3383	1.98
3384	1.72
3385	1.73
3386	1.96
3387	1.65
3388	1.81
3389	2.02
3390	2.18
3391	2.54
3392	2.80
3393	2.76
3394	2.81
3395	2.20
3396	2.26
3397	2.25
3398	2
3399	2.07
3400	2.09
3401	2.23
3402	2.02
3403	2.04
3404	1.74
3405	2.06
3406	2.11
3407	1.70
3408	1.66
3409	1.68
3410	1.66
3411	1.66
3412	1.33
3413	1.30
3414	1.17
3415	1.05
3416	0.900
3417	0.990
3418	0.940
3419	1.01
3420	0.980
3421	1.15
3422	1.09
3423	1.09
3424	1
3425	1.08
3426	1.29
3427	1.17
3428	1.38
3429	1.43
3430	1.80
3431	1.58
3432	1.57
3433	1.50
3434	1.68
3435	1.75
3436	1.76
3437	1.77
3438	1.67
3439	1.89
3440	2.20
3441	2.04
3442	1.91
3443	2.17
3444	1.98
3445	2.36
3446	2.32
3447	2.18
3448	2.13
3449	1.67
3450	1.88
3451	1.65
3452	1.64
3453	1.57
3454	1.78
3455	1.73
3456	1.67
3457	1.77
3458	1.77
3459	1.80
3460	1.68
3461	1.51
3462	1.52
3463	1.51
3464	1.65
3465	1.47
3466	1.42
3467	1.99
3468	1.80
3469	1.75
3470	1.73
3471	1.70
3472	1.59
3473	1.50
3474	1.44
3475	1.39
3476	1.35
3477	1.43
3478	1.37
3479	1.40
3480	1.42
3481	1.36
3482	1.37
3483	1.41
3484	1.41
3485	1.35
3486	1.40
3487	1.53
3488	1.57
3489	1.85
3490	1.82
3491	2.01
3492	2.08
3493	2.20
3494	2.25
3495	2.32
3496	2.23
3497	2.34
3498	2.18
3499	2.13
3500	2.03
3501	2.10
3502	2
3503	2.16
3504	1.98
3505	2.05
3506	1.68
3507	1.78
3508	1.73
3509	1.72
3510	1.85
3511	1.93
3512	2
3513	1.78
3514	1.75
3515	1.87
3516	1.96
3517	2.01
3518	1.88
3519	1.87
3520	1.95
3521	1.98
3522	2.11
3523	1.81
3524	2.04
3525	1.71
3526	2.02
3527	1.85
3528	1.84
3529	1.81
3530	1.89
3531	1.79
3532	1.78
3533	1.88
3534	1.69
3535	1.92
3536	1.82
3537	1.85
3538	1.79
3539	1.86
3540	1.73
3541	1.90
3542	1.90
3543	2.03
3544	2.08
3545	1.91
3546	1.89
3547	1.91
3548	1.71
3549	1.68
3550	1.66
3551	1.53
3552	1.53
3553	1.60
3554	1.50
3555	1.59
3556	1.65
3557	1.78
3558	2.10
3559	2.05
3560	2.44
3561	2.73
3562	2.37
3563	2.45
3564	2.43
3565	2.29
3566	2.17
3567	1.93
3568	1.94
3569	2.02
3570	1.80
3571	1.85
3572	1.92
3573	1.71
3574	1.74
3575	1.72
3576	1.61
3577	1.74
3578	1.59
3579	1.66
3580	1.85
3581	1.86
3582	1.88
3583	1.99
3584	2.30
3585	2.15
3586	2.09
3587	2.08
3588	2.24
3589	1.89
3590	2.01
3591	1.75
3592	1.61
3593	1.75
3594	1.73
3595	1.91
3596	1.80
3597	1.83
3598	1.87
3599	1.84
3600	1.74
3601	1.94
3602	1.74
3603	1.81
3604	2.25
3605	2.21
3606	1.95
3607	1.98
3608	2.30
3609	1.85
3610	1.81
3611	1.88
3612	1.69
3613	1.86
3614	1.84
3615	1.63
3616	1.51
3617	1.57
3618	1.57
3619	1.62
3620	1.66
3621	1.83
3622	1.73
3623	1.86
3624	1.64
3625	1.82
3626	1.78
3627	1.72
3628	1.64
3629	1.68
3630	1.56
3631	1.74
3632	1.57
3633	1.53
3634	1.40
3635	1.60
3636	1.66
3637	1.50
3638	1.36
3639	1.17
3640	1.25
3641	1.22
3642	1.17
3643	1.04
3644	1.31
3645	1.35
3646	1.50
3647	1.72
3648	1.78
3649	1.73
3650	1.65
3651	1.60
3652	1.52
3653	1.61
3654	1.62
3655	1.66
3656	1.63
3657	1.80
3658	2.18
3659	2.13
3660	2.45
3661	2.68
3662	2.37
3663	1.90
3664	1.95
3665	1.84
3666	2.04
3667	1.92
3668	1.70
3669	1.89
3670	1.82
3671	1.95
3672	1.81
3673	1.85
3674	1.66
3675	1.49
3676	1.56
3677	1.81
3678	1.55
3679	1.69
3680	1.71
3681	1.78
3682	1.74
3683	1.87
3684	1.81
3685	1.88
3686	1.93
3687	1.85
3688	1.83
3689	1.93
3690	1.58
3691	1.37
3692	1.30
3693	1.23
3694	1.11
3695	0.990
3696	0.910
3697	0.890
3698	0.890
3699	0.850
3700	0.820
3701	0.870
3702	0.980
3703	1.04
3704	1.16
3705	1.63
3706	1.79
3707	1.52
3708	1.27
3709	1.06
3710	1.12
3711	1.28
3712	1.40
3713	1.61
3714	1.58
3715	1.52
3716	1.51
3717	1.81
3718	2.10
3719	1.70
3720	1.83
3721	1.77
3722	1.91
3723	1.75
3724	1.60
3725	1.56
3726	1.53
3727	1.49
3728	1.55
3729	1.56
3730	1.67
3731	1.65
3732	1.75
3733	1.85
3734	1.79
3735	1.65
3736	1.77
3737	1.74
3738	1.63
3739	1.42
3740	1.34
3741	1.15
3742	1.36
3743	1.19
3744	1.16
3745	1.16
3746	0.920
3747	0.990
3748	1.01
3749	1
3750	1.11
3751	1.12
3752	1.19
3753	1.25
3754	1.72
3755	1.68
3756	1.84
3757	1.85
3758	1.68
3759	1.77
3760	1.85
3761	2.01
3762	2.78
3763	2.44
3764	2.19
3765	1.81
3766	2.04
3767	1.80
3768	1.40
3769	1.29
3770	1.33
3771	1.39
3772	1.38
3773	1.51
3774	1.27
3775	1.34
3776	1.43
3777	1.25
3778	1.33
3779	1.30
3780	1.33
3781	1.41
3782	1.59
3783	1.62
3784	1.57
3785	1.36
3786	1.46
3787	1.68
3788	1.42
3789	1.33
3790	1.25
3791	1.26
3792	1.34
3793	1.22
3794	1.11
3795	1.29
3796	1.19
3797	1.11
3798	1.16
3799	1.18
3800	1.33
3801	1.38
3802	1.49
3803	1.74
3804	1.82
3805	1.89
3806	1.98
3807	2.04
3808	2.01
3809	2.02
3810	1.77
3811	1.61
3812	1.67
3813	1.55
3814	1.60
3815	1.56
3816	1.40
3817	1.31
3818	1.30
3819	1.24
3820	1.19
3821	1.13
3822	1.10
3823	1.19
3824	1.26
3825	1.21
3826	1.24
3827	1.24
3828	1.18
3829	1.05
3830	1.17
3831	1.17
3832	1.28
3833	1.56
3834	1.66
3835	1.86
3836	1.90
3837	2.08
3838	2.32
3839	2.23
3840	1.96
3841	1.98
3842	1.88
3843	1.64
3844	1.58
3845	1.62
3846	1.68
3847	1.62
3848	1.55
3849	1.39
3850	1.52
3851	1.49
3852	1.26
3853	1.19
3854	1.13
3855	1.11
3856	0.960
3857	1.05
3858	1.12
3859	1.03
3860	1.10
3861	1.09
3862	1.16
3863	1.19
3864	1.08
3865	0.920
3866	0.920
3867	0.960
3868	0.980
3869	1.07
3870	1.38
3871	1.46
3872	1.34
3873	1.59
3874	1.73
3875	1.64
3876	1.64
3877	1.57
3878	1.36
3879	1.49
3880	1.28
3881	1.27
3882	1.28
3883	1.43
3884	1.40
3885	1.35
3886	1.48
3887	1.41
3888	1.60
3889	1.64
3890	1.43
3891	1.35
3892	1.30
3893	1.27
3894	1.15
3895	1.05
3896	1.06
3897	1
3898	1.21
3899	1.14
3900	1.40
3901	1.53
3902	1.70
3903	1.76
3904	1.79
3905	2
3906	1.91
3907	1.78
3908	1.80
3909	1.98
3910	2.14
3911	2.25
3912	2.41
3913	2.47
3914	2.55
3915	2.73
3916	1.98
3917	2.12
3918	2.45
3919	2.26
3920	1.66
3921	1.36
3922	1.41
3923	1.48
3924	1.64
3925	1.21
3926	1.39
3927	1.23
3928	1.29
3929	1.25
3930	1.48
3931	1.35
3932	1.30
3933	1.20
3934	1.13
3935	0.970
3936	1.17
3937	1.28
3938	1.26
3939	1.18
3940	1.24
3941	1.27
3942	1.35
3943	1.45
3944	1.55
3945	1.53
3946	1.66
3947	1.53
3948	1.36
3949	1.28
3950	1.17
3951	1.12
3952	0.990
3953	1.09
3954	1.05
3955	1.06
3956	1.04
3957	1.24
3958	1.28
3959	1.31
3960	1.20
3961	1.23
3962	1.30
3963	1.39
3964	1.44
3965	1.35
3966	1.34
3967	1.53
3968	1.40
3969	1.30
3970	1.34
3971	1.26
3972	1.17
3973	1.08
3974	1.13
3975	1.30
3976	1.29
3977	1.31
3978	1.32
3979	1.23
3980	1.28
3981	1.27
3982	1.27
3983	1.19
3984	1.16
3985	1.15
3986	1.05
3987	0.900
3988	0.920
3989	0.860
3990	0.870
3991	0.830
3992	0.880
3993	0.840
3994	0.880
3995	0.870
3996	0.780
3997	0.780
3998	0.760
3999	0.870
4000	0.850
4001	0.900
4002	0.870
4003	0.810
4004	0.930
4005	0.880
4006	0.840
4007	0.920
4008	1.27
4009	0.970
4010	0.920
4011	1
4012	1.04
4013	1.13
4014	1.06
4015	1.15
4016	1.06
4017	1.01
4018	1.03
4019	1.06
4020	1.16
4021	1.26
4022	1.32
4023	1.33
4024	1.44
4025	1.45
4026	1.42
4027	1.46
4028	1.59
4029	1.46
4030	1.47
4031	1.47
4032	1.59
4033	1.24
4034	1.32
4035	1.15
4036	1.17
4037	1.04
4038	0.990
4039	0.840
4040	0.840
4041	0.870
4042	0.820
4043	0.870
4044	0.900
4045	0.760
4046	0.810
4047	0.770
4048	0.960
4049	0.970
4050	0.990
4051	1
4052	1.04
4053	1.06
4054	0.970
4055	0.890
4056	1.06
4057	1.18
4058	1.32
4059	1.26
4060	1.55
4061	1.73
4062	1.72
4063	1.68
4064	1.58
4065	1.51
4066	1.34
4067	1.31
4068	1.21
4069	1.29
4070	1.49
4071	1.48
4072	1.43
4073	1.34
4074	1.39
4075	1.56
4076	1.27
4077	1.53
4078	1.56
4079	1.53
4080	1.60
4081	1.85
4082	1.64
4083	1.80
4084	1.54
4085	1.51
4086	1.47
4087	1.49
4088	1.44
4089	1.41
4090	1.49
4091	1.39
4092	1.39
4093	1.44
4094	1.32
4095	1.01
4096	1.21
4097	1.12
4098	1.03
4099	1.08
4100	1.46
4101	1.40
4102	1.58
4103	1.59
4104	1.28
4105	1.36
4106	1.26
4107	1.33
4108	1.26
4109	1.28
4110	1.31
4111	1.37
4112	1.31
4113	1.38
4114	1.57
4115	1.79
4116	1.41
4117	1.43
4118	1.54
4119	1.54
4120	1.47
4121	1.55
4122	1.85
4123	1.67
4124	1.56
4125	1.43
4126	1.55
4127	1.62
4128	1.67
4129	1.68
4130	1.89
4131	1.91
4132	2.06
4133	1.92
4134	1.82
4135	1.69
4136	1.62
4137	1.60
4138	1.50
4139	1.59
4140	1.69
4141	1.88
4142	2.28
4143	2.22
4144	2.13
4145	2.29
4146	2.06
4147	2.22
4148	2.38
4149	2.01
4150	2.05
4151	1.91
4152	1.95
4153	1.95
4154	1.71
4155	1.67
4156	1.35
4157	1.21
4158	1.29
4159	1.34
4160	1.34
4161	1.51
4162	1.82
4163	1.86
4164	2.70
4165	2.28
4166	2.43
4167	2.79
4168	2.42
4169	2.31
4170	2.18
4171	2.08
4172	2.27
4173	2.28
4174	2.02
4175	1.93
4176	1.86
4177	1.73
4178	1.76
4179	1.40
4180	1.44
4181	1.67
4182	1.83
4183	1.67
4184	1.73
4185	1.63
4186	1.66
4187	1.69
4188	1.67
4189	1.67
4190	1.95
4191	1.96
4192	1.81
4193	1.56
4194	1.58
4195	1.57
4196	1.38
4197	1.43
4198	1.58
4199	2.84
4200	3.02
4201	2.83
4202	2.89
4203	2.99
4204	3.07
4205	2.85
4206	2.76
4207	2.66
4208	3.60
4209	3.19
4210	2.82
4211	2.63
4212	2.78
4213	2.56
4214	2.55
4215	2.18
4216	2.24
4217	3.28
4218	3.08
4219	2.86
4220	2.61
4221	2.18
4222	2.24
4223	1.86
4224	2.02
4225	1.75
4226	1.60
4227	1.60
4228	1.72
4229	1.74
4230	1.87
4231	2.11
4232	2.32
4233	2.92
4234	2.83
4235	2.91
4236	2.41
4237	2.36
4238	2.06
4239	1.82
4240	1.80
4241	1.61
4242	1.68
4243	1.91
4244	2.95
4245	3.11
4246	3.27
4247	2.87
4248	2.57
4249	2.47
4250	2.53
4251	2.34
4252	2.30
4253	2.30
4254	2.33
4255	1.95
4256	1.90
4257	2.24
4258	2.37
4259	2.33
4260	2.14
4261	2.21
4262	2.20
4263	1.95
4264	1.78
4265	1.83
4266	1.64
4267	1.67
4268	1.75
4269	1.66
4270	1.79
4271	1.67
4272	1.46
4273	1.27
4274	1.37
4275	1.42
4276	1.28
4277	1.16
4278	1.26
4279	1.61
4280	1.71
4281	2.13
4282	2.34
4283	2.87
4284	2.60
4285	2.92
4286	3.20
4287	3.26
4288	3.18
4289	3.19
4290	3.24
4291	3.55
4292	3.34
4293	3.29
4294	2.95
4295	3.18
4296	2.59
4297	2.83
4298	2.87
4299	2.72
4300	2.42
4301	2.42
4302	2.28
4303	2.06
4304	2.14
4305	2.12
4306	2.19
4307	2.19
4308	1.86
4309	1.75
4310	1.73
4311	1.62
4312	1.73
4313	1.71
4314	1.84
4315	1.90
4316	2.09
4317	2.23
4318	2.32
4319	2.63
4320	2.64
4321	2.89
4322	2.90
4323	2.84
4324	2.54
4325	3
4326	2.43
4327	2.34
4328	2.38
4329	2.42
4330	2.41
4331	2.35
4332	2.32
4333	2.20
4334	2.31
4335	2.28
4336	2.37
4337	2.17
4338	2.55
4339	2.83
4340	3.05
4341	2.77
4342	2.75
4343	2.75
4344	2.96
4345	2.80
4346	2.78
4347	2.80
4348	2.91
4349	3.03
4350	2.78
4351	3.24
4352	3.56
4353	3.67
4354	3.19
4355	3.24
4356	3.02
4357	2.61
4358	2.64
4359	2.23
4360	2.10
4361	1.99
4362	1.78
4363	1.74
4364	1.56
4365	1.72
4366	1.68
4367	1.92
4368	1.64
4369	1.93
4370	2.23
4371	1.83
4372	1.91
4373	1.64
4374	1.63
4375	1.65
4376	1.78
4377	1.78
4378	1.87
4379	2.05
4380	2.02
4381	2.06
4382	2.15
4383	2.10
4384	2
4385	1.95
4386	1.98
4387	2.27
4388	1.91
4389	2.13
4390	2.35
4391	2.42
4392	2.24
4393	2.21
4394	2.30
4395	2.09
4396	2.07
4397	1.81
4398	1.90
4399	1.95
4400	2.41
4401	2.32
4402	2.45
4403	2.86
4404	3.09
4405	3.08
4406	3.13
4407	3.22
4408	3.06
4409	2.84
4410	2.93
4411	2.58
4412	2.45
4413	2.32
4414	2.58
4415	2.64
4416	2.26
4417	2.23
4418	2.40
4419	2.78
4420	2.43
4421	2.55
4422	2.79
4423	3.10
4424	2.66
4425	2.52
4426	2.70
4427	3.12
4428	2.81
4429	2.61
4430	2.45
4431	2.29
4432	2.34
4433	2.05
4434	1.93
4435	1.87
4436	1.99
4437	2.10
4438	1.94
4439	1.98
4440	1.75
4441	1.96
4442	1.86
4443	1.77
4444	1.62
4445	1.62
4446	1.81
4447	1.99
4448	2.11
4449	1.90
4450	1.77
4451	1.79
4452	1.71
4453	1.70
4454	1.68
4455	2.03
4456	2.17
4457	2.03
4458	1.78
4459	1.59
4460	1.43
4461	1.39
4462	1.29
4463	1.38
4464	1.31
4465	1.49
4466	1.45
4467	1.39
4468	1.46
4469	1.43
4470	1.45
4471	1.31
4472	1.36
4473	1.36
4474	1.23
4475	1.31
4476	1.13
4477	1.52
4478	2.12
4479	2.24
4480	2.36
4481	2.50
4482	2.50
4483	2.13
4484	2.11
4485	1.87
4486	1.86
4487	1.86
4488	1.64
4489	2.05
4490	2.22
4491	1.98
4492	2.11
4493	2.16
4494	2.35
4495	2.55
4496	2.61
4497	2.41
4498	2.76
4499	2.47
4500	2.17
4501	2.25
4502	2.41
4503	2.39
4504	2.44
4505	2.41
4506	2.42
4507	2.30
4508	2.14
4509	2.32
4510	2.55
4511	2.61
4512	2.77
4513	2.63
4514	2.89
4515	2.74
4516	3.13
4517	2.71
4518	2.75
4519	2.35
4520	2.38
4521	2.32
4522	2.14
4523	2.13
4524	2.21
4525	2.08
4526	2.26
4527	2.30
4528	2.18
4529	1.92
4530	2.07
4531	1.96
4532	2.24
4533	2.17
4534	2.25
4535	2.14
4536	2.10
4537	1.94
4538	2.01
4539	2.09
4540	2
4541	1.97
4542	1.98
4543	1.88
4544	1.93
4545	1.70
4546	1.74
4547	1.78
4548	1.78
4549	1.74
4550	1.55
4551	1.68
4552	1.43
4553	1.50
4554	1.72
4555	1.79
4556	1.47
4557	1.52
4558	1.52
4559	1.74
4560	1.83
4561	1.66
4562	1.64
4563	1.64
4564	1.45
4565	1.52
4566	1.57
4567	1.63
4568	2.14
4569	2.15
4570	2.15
4571	2.24
4572	2.03
4573	2.14
4574	2.06
4575	2.03
4576	2.28
4577	2.19
4578	2.33
4579	2.43
4580	2.30
4581	2.24
4582	2.25
4583	2.28
4584	2.56
4585	2.43
4586	2.41
4587	2.43
4588	2.32
4589	2.27
4590	2.14
4591	2.30
4592	2.52
4593	2.41
4594	2.35
4595	2.16
4596	2.18
4597	2.16
4598	2.15
4599	2.16
4600	1.84
4601	2.01
4602	1.86
4603	2.03
4604	1.81
4605	1.65
4606	1.72
4607	1.78
4608	1.48
4609	1.54
4610	1.35
4611	1.41
4612	1.29
4613	1.52
4614	1.49
4615	1.45
4616	1.53
4617	1.58
4618	1.52
4619	1.54
4620	1.52
4621	1.39
4622	1.33
4623	1.58
4624	1.44
4625	1.38
4626	1.30
4627	1.24
4628	1.69
4629	1.54
4630	1.50
4631	1.88
4632	2.13
4633	2.27
4634	2.04
4635	1.97
4636	2.15
4637	2.08
4638	1.94
4639	2
4640	1.75
4641	1.58
4642	1.65
4643	1.60
4644	1.59
4645	1.79
4646	1.66
4647	1.76
4648	1.87
4649	1.65
4650	1.69
4651	1.64
4652	1.63
4653	1.45
4654	1.43
4655	1.53
4656	1.45
4657	1.71
4658	1.91
4659	2.17
4660	2.26
4661	2.05
4662	1.68
4663	1.41
4664	1.59
4665	1.49
4666	1.45
4667	1.43
4668	1.55
4669	1.42
4670	1.36
4671	1.24
4672	1.18
4673	0.930
4674	0.900
4675	0.810
4676	0.740
4677	0.670
4678	0.790
4679	2.17
4680	2.42
4681	2.96
4682	3.24
4683	2.23
4684	2.26
4685	2.12
4686	1.91
4687	1.89
4688	1.75
4689	1.58
4690	1.45
4691	1.41
4692	1.27
4693	1.29
4694	1.33
4695	1.33
4696	1.22
4697	1.16
4698	1.18
4699	1.21
4700	1.26
4701	1.41
4702	1.57
4703	1.90
4704	1.76
4705	1.82
4706	1.71
4707	1.70
4708	1.59
4709	1.61
4710	1.66
4711	1.60
4712	1.58
4713	1.45
4714	1.40
4715	1.38
4716	1.42
4717	1.51
4718	1.27
4719	1.27
4720	1.17
4721	1.11
4722	1.01
4723	1.10
4724	1.13
4725	1.13
4726	1.09
4727	1.08
4728	1.29
4729	3.31
4730	3.88
4731	4.10
4732	4.01
4733	3.64
4734	3.47
4735	3.18
4736	3.24
4737	3.08
4738	2.93
4739	2.63
4740	2.27
4741	2.04
4742	1.91
4743	1.78
4744	1.55
4745	1.54
4746	1.50
4747	1.44
4748	1.45
4749	1.47
4750	1.66
4751	1.77
4752	2.15
4753	2.27
4754	2.26
4755	2.08
4756	2.48
4757	2.22
4758	2.23
4759	2.41
4760	2.40
4761	2.72
4762	2.26
4763	2.33
4764	2.20
4765	2.14
4766	2.26
4767	1.98
4768	1.89
4769	1.90
4770	1.68
4771	1.60
4772	1.41
4773	1.52
4774	1.78
4775	1.49
4776	1.49
4777	1.58
4778	1.78
4779	1.67
4780	1.57
4781	1.55
4782	1.49
4783	1.30
4784	1.18
4785	1.12
4786	0.970
4787	1.14
4788	1.26
4789	1.38
4790	1.53
4791	1.55
4792	1.62
4793	1.68
4794	1.63
4795	1.66
4796	1.57
4797	1.42
4798	1.48
4799	1.47
4800	1.48
4801	1.29
4802	1.37
4803	1.33
4804	1.34
4805	1.30
4806	1.29
4807	1.57
4808	1.73
4809	1.94
4810	2.15
4811	2.01
4812	2.29
4813	2.46
4814	2.44
4815	2.33
4816	2.68
4817	2.79
4818	2.32
4819	2.60
4820	2.64
4821	2.47
4822	2.16
4823	2.26
4824	2.19
4825	2.03
4826	1.94
4827	1.96
4828	1.79
4829	1.57
4830	1.49
4831	1.68
4832	1.64
4833	1.49
4834	1.38
4835	1.40
4836	1.40
4837	1.33
4838	1.17
4839	1.36
4840	1.31
4841	1.34
4842	1.22
4843	1.23
4844	1.12
4845	1.23
4846	1.40
4847	1.91
4848	2.26
4849	2.04
4850	1.95
4851	1.72
4852	1.55
4853	1.65
4854	1.59
4855	1.35
4856	1.30
4857	1.07
4858	1.07
4859	0.950
4860	1.08
4861	1.09
4862	1.17
4863	1.05
4864	1.02
4865	0.990
4866	1.47
4867	1.76
4868	2.09
4869	2.08
4870	2.02
4871	2.32
4872	2.24
4873	2.18
4874	2.13
4875	2.25
4876	2.24
4877	1.96
4878	1.99
4879	1.78
4880	1.54
4881	1.46
4882	1.23
4883	1.12
4884	0.900
4885	0.980
4886	0.840
4887	1.06
4888	1.05
4889	0.970
4890	1.13
4891	0.900
4892	0.880
4893	1.04
4894	1.08
4895	1.24
4896	1.32
4897	1.57
4898	1.71
4899	1.77
4900	1.54
4901	2.10
4902	1.69
4903	1.91
4904	2.07
4905	1.99
4906	2.11
4907	2.53
4908	2.30
4909	2.05
4910	2.09
4911	1.92
4912	1.88
4913	1.74
4914	1.68
4915	1.94
4916	1.78
4917	1.72
4918	1.76
4919	1.63
4920	1.46
4921	1.45
4922	1.52
4923	1.46
4924	1.27
4925	1.32
4926	1.28
4927	1.32
4928	1.27
4929	1.08
4930	0.990
4931	1.28
4932	1.30
4933	1.49
4934	1.34
4935	1.61
4936	1.67
4937	1.77
4938	1.90
4939	1.86
4940	1.71
4941	1.88
4942	1.91
4943	1.75
4944	1.77
4945	1.49
4946	1.35
4947	1.34
4948	1.44
4949	1.27
4950	1.05
4951	1.09
4952	1.08
4953	1.13
4954	1.20
4955	1.29
4956	1.54
4957	1.39
4958	1.51
4959	1.50
4960	1.35
4961	1.41
4962	1.33
4963	1.27
4964	1.32
4965	1.20
4966	1.24
4967	1.11
4968	1.06
4969	1.08
4970	1.31
4971	1.24
4972	1.42
4973	1.58
4974	1.49
4975	1.42
4976	1.28
4977	1.28
4978	1.38
4979	1.31
4980	1.44
4981	1.27
4982	1.24
4983	1.26
4984	1.19
4985	1.24
4986	1.13
4987	1.30
4988	1.27
4989	1.45
4990	1.36
4991	1.40
4992	1.28
4993	1.33
4994	1.24
4995	1.19
4996	1.14
4997	1.13
4998	1.45
4999	1.47
5000	1.47
5001	1.71
5002	1.51
5003	1.81
5004	1.39
5005	1.37
5006	1.59
5007	1.56
5008	1.49
5009	1.60
5010	1.65
5011	1.78
5012	1.74
5013	1.68
5014	1.75
5015	1.78
5016	1.74
5017	1.64
5018	1.79
5019	1.68
5020	1.53
5021	1.56
5022	1.39
5023	1.31
5024	1.23
5025	1.17
5026	1.09
5027	1.25
5028	1.26
5029	1.14
5030	1.18
5031	1.11
5032	1.17
5033	1.14
5034	1.21
5035	1.05
5036	1.02
5037	0.990
5038	0.980
5039	0.930
5040	0.960
5041	1.03
5042	1.05
5043	1.01
5044	0.940
5045	0.900
5046	1
5047	1.12
5048	0.930
5049	1.08
5050	1.09
5051	1.12
5052	1.08
5053	1.13
5054	1.18
5055	1.10
5056	1.07
5057	1.07
5058	1.05
5059	1.01
5060	0.920
5061	0.920
5062	0.970
5063	1.03
5064	1.14
5065	1.23
5066	1.21
5067	1.15
5068	1.18
5069	1.19
5070	1.19
5071	1.29
5072	1.31
5073	1.31
5074	1.14
5075	1.10
5076	1.09
5077	1.06
5078	1.23
5079	1.31
5080	1.47
5081	1.39
5082	1.57
5083	1.41
5084	1.38
5085	1.16
5086	1.23
5087	1.26
5088	1.28
5089	1.20
5090	1.28
5091	1.25
5092	1.21
5093	1.25
5094	1.44
5095	1.36
5096	1.28
5097	1.44
5098	1.53
5099	1.58
5100	1.48
5101	1.46
5102	1.48
5103	1.37
5104	1.34
5105	1.30
5106	1.38
5107	1.44
5108	1.33
5109	1.28
5110	1.54
5111	1.44
5112	1.44
5113	1.45
5114	1.25
5115	1.26
5116	1.27
5117	1.23
5118	1.17
5119	1.32
5120	1.27
5121	1.37
5122	1.36
5123	1.51
5124	1.42
5125	1.35
5126	1.52
5127	1.60
5128	1.94
5129	1.63
5130	1.88
5131	1.96
5132	1.74
5133	1.70
5134	1.84
5135	1.76
5136	1.65
5137	1.49
5138	1.44
5139	1.45
5140	1.38
5141	1.41
5142	1.36
5143	1.34
5144	1.31
5145	1.32
5146	1.47
5147	1.73
5148	1.73
5149	1.57
5150	1.94
5151	1.83
5152	1.86
5153	1.61
5154	1.56
5155	1.20
5156	1.31
5157	1.19
5158	1.14
5159	1.17
5160	1.11
5161	1.04
5162	1.11
5163	0.990
5164	1.06
5165	1.12
5166	1.19
5167	1.38
5168	1.51
5169	1.49
5170	1.57
5171	1.66
5172	1.68
5173	1.61
5174	1.48
5175	1.82
5176	1.71
5177	1.60
5178	1.78
5179	1.95
5180	1.94
5181	1.63
5182	1.53
5183	1.59
5184	1.37
5185	1.52
5186	1.38
5187	1.34
5188	1.25
5189	1.38
5190	1.27
5191	1.27
5192	1.36
5193	1.29
5194	1.27
5195	1.40
5196	1.56
5197	1.52
5198	1.58
5199	1.52
5200	1.41
5201	1.53
5202	1.40
5203	1.58
5204	1.82
5205	1.74
5206	1.86
5207	2.26
5208	1.97
5209	1.85
5210	1.75
5211	1.73
5212	1.81
5213	1.69
5214	1.76
5215	1.69
5216	2
5217	1.47
5218	1.35
5219	1.26
5220	1.29
5221	1.16
5222	1.19
5223	1.25
5224	1.18
5225	1.26
5226	1.26
5227	1.27
5228	1.35
5229	1.72
5230	1.68
5231	1.59
5232	1.64
5233	1.46
5234	1.33
5235	1.25
5236	1.03
5237	1.16
5238	1.39
5239	1.65
5240	2.60
5241	2.76
5242	2.23
5243	2.15
5244	1.69
5245	1.51
5246	1.41
5247	1.74
5248	1.67
5249	1.74
5250	1.89
5251	1.78
5252	1.93
5253	1.69
5254	1.82
5255	1.65
5256	1.80
5257	1.68
5258	1.71
5259	1.53
5260	1.47
5261	1.31
5262	1.26
5263	1.25
5264	1.33
5265	1.33
5266	1.27
5267	1.35
5268	1.21
5269	1.27
5270	1.26
5271	1.23
5272	1.23
5273	1.22
5274	1.33
5275	1.51
5276	1.54
5277	1.54
5278	1.62
5279	1.77
5280	2
5281	1.85
5282	1.75
5283	1.72
5284	1.47
5285	1.51
5286	1.46
5287	1.47
5288	1.41
5289	1.37
5290	1.42
5291	1.33
5292	1.31
5293	1.38
5294	1.59
5295	1.56
5296	1.63
5297	1.71
5298	1.79
5299	1.63
5300	1.57
5301	1.49
5302	1.43
5303	1.23
5304	1.31
5305	1.16
5306	1.28
5307	1.12
5308	1.05
5309	1.18
5310	1.38
5311	1.55
5312	1.50
5313	1.36
5314	1.35
5315	1.32
5316	1.43
5317	2.04
5318	2.44
5319	3.16
5320	3.36
5321	2.87
5322	2.45
5323	2.44
5324	2.04
5325	1.85
5326	1.58
5327	1.42
5328	1.24
5329	1.17
5330	1.15
5331	1.58
5332	1.57
5333	1.54
5334	1.77
5335	1.92
5336	1.84
5337	1.90
5338	1.99
5339	1.90
5340	2.01
5341	2.04
5342	2.26
5343	2.28
5344	2.26
5345	2.44
5346	1.93
5347	1.79
5348	1.77
5349	1.47
5350	1.42
5351	1.35
5352	1.55
5353	1.56
5354	1.57
5355	1.44
5356	1.48
5357	1.42
5358	1.41
5359	1.32
5360	1.31
5361	1.38
5362	1.45
5363	1.71
5364	1.72
5365	1.65
5366	1.57
5367	1.50
5368	1.35
5369	1.41
5370	1.28
5371	1.42
5372	1.54
5373	1.55
5374	1.46
5375	1.34
5376	1.30
5377	1.25
5378	1.08
5379	1.08
5380	1.05
5381	1.12
5382	1.08
5383	1.12
5384	1.07
5385	1.23
5386	1.30
5387	1.07
5388	0.860
5389	0.930
5390	0.880
5391	0.900
5392	0.780
5393	0.830
5394	0.740
5395	0.770
5396	0.770
5397	0.740
5398	0.790
5399	0.880
5400	0.720
5401	0.810
5402	0.860
5403	0.980
5404	1.02
5405	0.980
5406	0.900
5407	1.04
5408	1.07
5409	1.16
5410	1.42
5411	1.31
5412	1.15
5413	1.15
5414	1.14
5415	1.28
5416	1.29
5417	1.50
5418	1.46
5419	1.32
5420	1.97
5421	1.66
5422	1.45
5423	1.54
5424	1.19
5425	1.22
5426	1.33
5427	1.37
5428	1.52
5429	1.58
5430	1.46
5431	1.40
5432	1.22
5433	1.20
5434	1.28
5435	1.20
5436	1
5437	1.14
5438	1.23
5439	1.17
5440	1.12
5441	1.26
5442	1.31
5443	1.73
5444	1.76
5445	1.66
5446	1.48
5447	1.41
5448	1.43
5449	1.40
5450	1.44
5451	1.26
5452	1.25
5453	1.21
5454	1.30
5455	1.20
5456	1.30
5457	1.60
5458	1.95
5459	1.56
5460	1.62
5461	1.44
5462	1.44
5463	1.31
5464	1.22
5465	1.30
5466	1.32
5467	1.28
5468	1.17
5469	1.05
5470	1.09
5471	0.970
5472	0.900
5473	0.940
5474	0.890
5475	0.930
5476	0.850
5477	0.810
5478	0.710
5479	0.710
5480	0.610
5481	0.640
5482	0.660
5483	0.730
5484	0.760
5485	0.800
5486	0.730
5487	0.790
5488	0.760
5489	0.880
5490	0.960
5491	0.910
5492	0.930
5493	1.07
5494	1.16
5495	1.27
5496	1.30
5497	1.40
5498	1.24
5499	1.31
5500	1.20
5501	1.26
5502	1.26
5503	1.39
5504	1.40
5505	1.29
5506	1.22
5507	1.29
5508	1.20
5509	1.07
5510	1.21
5511	1.61
5512	1.81
5513	1.97
5514	2.04
5515	1.74
5516	1.68
5517	1.69
5518	1.76
5519	1.50
5520	2.11
5521	1.61
5522	1.53
5523	1.57
5524	1.55
5525	1.60
5526	1.92
5527	2.28
5528	2.12
5529	3.18
5530	3.92
5531	5.16
5532	5.66
5533	3.60
5534	2.93
5535	2.45
5536	2.75
5537	2.59
5538	2.05
5539	2.12
5540	1.88
5541	2.25
5542	2.41
5543	2.63
5544	2.84
5545	2.54
5546	2.24
5547	2.65
5548	2.64
5549	2.44
5550	2.31
5551	2.49
5552	2
5553	1.86
5554	1.55
5555	1.42
5556	1.41
5557	1.40
5558	1.43
5559	1.38
5560	1.43
5561	1.29
5562	1.44
5563	1.41
5564	1.42
5565	1.23
5566	1.07
5567	1.16
5568	1.05
5569	1
5570	0.910
5571	1.03
5572	1.13
5573	1.07
5574	0.980
5575	1.11
5576	1.49
5577	1.57
5578	1.60
5579	1.38
5580	1.25
5581	1.17
5582	1.26
5583	1.32
5584	1.35
5585	1.11
5586	1.23
5587	1.22
5588	1.14
5589	1.03
5590	1.23
5591	1.60
5592	2.22
5593	1.97
5594	2.47
5595	2.27
5596	1.86
5597	1.58
5598	1.64
5599	1.69
5600	1.58
5601	1.32
5602	1.32
5603	1.34
5604	1.19
5605	1.12
5606	0.950
5607	1.03
5608	0.970
5609	0.930
5610	0.850
5611	1.65
5612	2.58
5613	2.36
5614	3.07
5615	2.61
5616	2.60
5617	2.95
5618	2.79
5619	2.78
5620	2.53
5621	2.70
5622	2.49
5623	2.32
5624	2.31
5625	2.24
5626	2.13
5627	2.12
5628	2.06
5629	1.68
5630	1.93
5631	2.44
5632	2.39
5633	2.04
5634	1.92
5635	1.71
5636	1.69
5637	1.68
5638	1.77
5639	1.77
5640	1.72
5641	1.62
5642	1.59
5643	1.56
5644	1.54
5645	1.46
5646	1.55
5647	1.39
5648	1.38
5649	1.25
5650	1.47
5651	1.28
5652	1.09
5653	1.31
5654	1.16
5655	1.31
5656	1.10
5657	1.18
5658	1.06
5659	1.06
5660	1.13
5661	1.10
5662	1.11
5663	1.26
5664	1.37
5665	1.69
5666	1.88
5667	1.97
5668	1.96
5669	2.14
5670	2.14
5671	2.24
5672	2.06
5673	2.01
5674	1.97
5675	2.12
5676	2.01
5677	2.36
5678	2.44
5679	2.36
5680	2.24
5681	1.88
5682	2.18
5683	2.21
5684	2.08
5685	2.41
5686	2.31
5687	2.59
5688	2.35
5689	2.20
5690	2.37
5691	2.34
5692	2.56
5693	2.55
5694	2.77
5695	2.71
5696	2.51
5697	2.70
5698	2.63
5699	2.70
5700	2.47
5701	2.53
5702	2.64
5703	2.51
5704	2.54
5705	2.96
5706	2.45
5707	2.10
5708	1.87
5709	2.25
5710	2.01
5711	1.81
5712	1.64
5713	1.57
5714	1.47
5715	1.52
5716	1.39
5717	1.64
5718	1.71
5719	2.26
5720	1.94
5721	2.26
5722	2.61
5723	2.54
5724	3
5725	2.58
5726	2.98
5727	3.25
5728	2.61
5729	2.86
5730	2.89
5731	2.66
5732	2.63
5733	2.52
5734	2.37
5735	2.37
5736	2.13
5737	2
5738	1.96
5739	2
5740	1.90
5741	2.03
5742	2.06
5743	2.26
5744	2.34
5745	2.57
5746	2.40
5747	2.50
5748	2.30
5749	2.08
5750	2.12
5751	2
5752	1.76
5753	1.67
5754	1.57
5755	1.87
5756	2.45
5757	3.15
5758	3.32
5759	3.46
5760	3.59
5761	3.22
5762	2.75
5763	2.59
5764	2.58
5765	2.48
5766	2.39
5767	2.37
5768	2.22
5769	2.58
5770	2.05
5771	1.94
5772	2.01
5773	2.14
5774	1.79
5775	1.78
5776	1.67
5777	1.52
5778	1.46
5779	1.45
5780	1.69
5781	1.60
5782	1.64
5783	1.65
5784	1.44
5785	1.36
5786	1.46
5787	1.40
5788	1.39
5789	1.51
5790	1.70
5791	1.57
5792	1.56
5793	1.45
5794	1.64
5795	1.77
5796	1.69
5797	1.55
5798	1.64
5799	1.67
5800	1.53
5801	1.72
5802	1.59
5803	1.66
5804	1.47
5805	1.48
5806	1.51
5807	1.95
5808	1.59
5809	1.45
5810	1.77
5811	1.79
5812	1.85
5813	1.60
5814	1.63
5815	1.57
5816	1.59
5817	1.50
5818	1.48
5819	1.44
5820	1.44
5821	1.51
5822	1.48
5823	1.49
5824	1.43
5825	1.46
5826	1.79
5827	2.23
5828	2.47
5829	3.23
5830	2.70
5831	2.62
5832	2.61
5833	2.47
5834	2.49
5835	2.57
5836	2.33
5837	2.48
5838	2.34
5839	2.10
5840	1.83
5841	1.79
5842	1.63
5843	1.58
5844	1.39
5845	1.61
5846	1.44
5847	1.34
5848	1.31
5849	1.26
5850	1.43
5851	1.76
5852	1.94
5853	1.95
5854	2.31
5855	2.29
5856	2.36
5857	2.52
5858	2.90
5859	2.85
5860	2.94
5861	2.91
5862	2.89
5863	2.82
5864	2.94
5865	2.62
5866	2.42
5867	2.42
5868	2.17
5869	2.18
5870	2.16
5871	2.29
5872	1.99
5873	1.79
5874	1.91
5875	1.76
5876	1.85
5877	1.80
5878	1.64
5879	1.68
5880	1.84
5881	2.06
5882	2.86
5883	3.28
5884	2.86
5885	2.57
5886	2.30
5887	1.98
5888	2.06
5889	2.27
5890	2.44
5891	3.09
5892	3.08
5893	3.08
5894	3.17
5895	3.06
5896	2.94
5897	3.15
5898	2.95
5899	2.67
5900	2.52
5901	2.35
5902	2.65
5903	2.63
5904	2.26
5905	2.07
5906	2.06
5907	2.05
5908	1.98
5909	1.67
5910	1.58
5911	1.66
5912	1.68
5913	1.44
5914	1.81
5915	1.87
5916	2.01
5917	2.05
5918	1.94
5919	2.37
5920	2.51
5921	2.22
5922	2.11
5923	1.94
5924	1.62
5925	1.58
5926	1.46
5927	1.46
5928	1.68
5929	1.60
5930	1.72
5931	1.57
5932	1.64
5933	1.46
5934	1.38
5935	1.27
5936	1.18
5937	1.21
5938	1.35
5939	1.23
5940	1.30
5941	1.16
5942	1.20
5943	1.21
5944	1.19
5945	1.39
5946	1.30
5947	1.11
5948	1.18
5949	1.40
5950	1.51
5951	1.66
5952	1.45
5953	1.29
5954	1.24
5955	1.40
5956	1.92
5957	2.02
5958	2.30
5959	2.61
5960	2.05
5961	2.09
5962	2.07
5963	2.69
5964	2.56
5965	2.41
5966	2.44
5967	1.90
5968	2.03
5969	1.92
5970	1.89
5971	1.74
5972	1.98
5973	2.62
5974	3.17
5975	3.71
5976	3.09
5977	2.88
5978	2.75
5979	2.47
5980	2.37
5981	1.84
5982	1.63
5983	1.45
5984	1.18
5985	1.27
5986	1.24
5987	1.33
5988	1.97
5989	2.08
5990	1.93
5991	1.65
5992	1.46
5993	1.26
5994	1.12
5995	1.09
5996	1.09
5997	1.45
5998	2.94
5999	2.93
6000	2.74
6001	2.39
6002	2.04
6003	1.77
6004	1.83
6005	1.71
6006	1.86
6007	1.84
6008	1.79
6009	1.91
6010	2.18
6011	2.43
6012	1.89
6013	2.23
6014	2.75
6015	3.27
6016	3.46
6017	3.18
6018	3.08
6019	3.25
6020	3.48
6021	3.22
6022	2.68
6023	2.55
6024	2.28
6025	1.78
6026	1.71
6027	1.68
6028	1.67
6029	1.86
6030	1.83
6031	1.67
6032	1.50
6033	1.82
6034	2.92
6035	3.17
6036	3.44
6037	2.97
6038	3.33
6039	2.82
6040	2.62
6041	2.24
6042	2.03
6043	1.80
6044	1.98
6045	1.70
6046	1.69
6047	1.78
6048	1.70
6049	1.64
6050	2
6051	2.91
6052	2.60
6053	2.27
6054	2.31
6055	2.32
6056	2.68
6057	2.70
6058	2.93
6059	2.63
6060	2.60
6061	2.30
6062	2.25
6063	2.19
6064	2.13
6065	1.90
6066	1.76
6067	1.73
6068	1.55
6069	1.57
6070	1.79
6071	2.08
6072	2.02
6073	2.05
6074	2.22
6075	2.02
6076	2.42
6077	2.42
6078	2.46
6079	2.55
6080	2.51
6081	2.32
6082	2.83
6083	2.29
6084	2.40
6085	2.37
6086	2.52
6087	2.42
6088	2.52
6089	2.29
6090	2.54
6091	2.42
6092	2.39
6093	2.32
6094	2.30
6095	2.23
6096	2.09
6097	2.25
6098	2.12
6099	2.70
6100	2.39
6101	2.54
6102	2.45
6103	2.37
6104	2.25
6105	2.27
6106	2.12
6107	1.95
6108	1.94
6109	1.60
6110	1.58
6111	1.59
6112	1.74
6113	1.83
6114	2.23
6115	2.16
6116	1.91
6117	1.88
6118	1.84
6119	2.10
6120	2.10
6121	1.98
6122	2.46
6123	2.77
6124	2.71
6125	2.70
6126	2.90
6127	2.49
6128	2.06
6129	1.78
6130	1.90
6131	2
6132	1.89
6133	1.98
6134	1.98
6135	1.82
6136	1.53
6137	2.22
6138	2.33
6139	2.96
6140	2.63
6141	2.04
6142	2.10
6143	1.91
6144	1.76
6145	1.51
6146	1.36
6147	1.34
6148	1.14
6149	1.49
6150	2.13
6151	2.26
6152	2.29
6153	2.41
6154	1.79
6155	1.43
6156	1.28
6157	1.23
6158	1.30
6159	1.53
6160	2.17
6161	2.15
6162	2.51
6163	2.19
6164	2.24
6165	1.81
6166	1.79
6167	1.60
6168	1.43
6169	1.25
6170	1.14
6171	0.990
6172	0.920
6173	0.990
6174	1.14
6175	1.19
6176	1.11
6177	1.13
6178	1.03
6179	1.04
6180	1.11
6181	1.14
6182	1.19
6183	1.37
6184	1.42
6185	1.53
6186	2.32
6187	2.56
6188	2.32
6189	2.28
6190	2.33
6191	2.24
6192	2.14
6193	2.18
6194	2.16
6195	2.09
6196	1.82
6197	1.79
6198	1.62
6199	1.71
6200	1.72
6201	1.66
6202	2.04
6203	1.92
6204	2.15
6205	2.23
6206	2.35
6207	1.77
6208	1.75
6209	1.70
6210	1.54
6211	1.57
6212	1.52
6213	1.42
6214	1.43
6215	1.73
6216	1.94
6217	1.81
6218	2.13
6219	2.15
6220	2.41
6221	2.70
6222	2.19
6223	1.79
6224	1.81
6225	1.54
6226	1.58
6227	1.41
6228	1.39
6229	1.45
6230	1.47
6231	1.64
6232	2.01
6233	2.08
6234	2.09
6235	2.02
6236	1.95
6237	1.81
6238	1.76
6239	1.78
6240	1.74
6241	1.91
6242	1.77
6243	1.69
6244	1.56
6245	1.73
6246	1.69
6247	1.63
6248	1.43
6249	1.46
6250	1.60
6251	1.67
6252	1.71
6253	1.72
6254	1.77
6255	1.66
6256	1.65
6257	1.77
6258	1.60
6259	1.35
6260	1.46
6261	1.31
6262	1.44
6263	1.57
6264	1.34
6265	1.31
6266	1.29
6267	1.32
6268	1.32
6269	1.39
6270	1.61
6271	1.42
6272	1.39
6273	1.19
6274	1.23
6275	1.77
6276	2.21
6277	2.20
6278	2.59
6279	2.57
6280	2.47
6281	2.03
6282	1.66
6283	1.62
6284	1.42
6285	1.39
6286	1.27
6287	1.26
6288	1.24
6289	1.27
6290	1.09
6291	1.08
6292	1.14
6293	1.20
6294	1.33
6295	1.66
6296	1.60
6297	1.74
6298	1.74
6299	1.77
6300	1.60
6301	1.65
6302	1.48
6303	1.47
6304	1.27
6305	1.17
6306	1.16
6307	1.21
6308	1.11
6309	1.23
6310	1.27
6311	1.42
6312	1.37
6313	1.24
6314	1.13
6315	1.15
6316	1.25
6317	1.09
6318	1.30
6319	1.47
6320	1.40
6321	1.67
6322	1.78
6323	1.98
6324	1.93
6325	1.80
6326	1.53
6327	1.48
6328	1.49
6329	1.16
6330	1.15
6331	1.16
6332	1.23
6333	1.09
6334	1.24
6335	1.34
6336	1.34
6337	1.21
6338	1.35
6339	1.63
6340	1.70
6341	1.57
6342	1.61
6343	1.64
6344	1.56
6345	1.70
6346	1.62
6347	1.72
6348	1.76
6349	1.72
6350	1.58
6351	1.83
6352	1.62
6353	1.55
6354	1.60
6355	1.56
6356	1.60
6357	1.38
6358	1.33
6359	1.44
6360	1.49
6361	1.54
6362	1.70
6363	1.63
6364	1.74
6365	1.78
6366	1.74
6367	2
6368	2.07
6369	1.86
6370	1.74
6371	1.86
6372	1.95
6373	1.74
6374	1.98
6375	2.15
6376	2.02
6377	2.01
6378	1.86
6379	1.80
6380	1.64
6381	1.58
6382	1.41
6383	1.51
6384	1.42
6385	1.36
6386	1.31
6387	1.24
6388	1.30
6389	1.15
6390	1.14
6391	1.83
6392	1.84
6393	1.97
6394	1.97
6395	1.93
6396	1.82
6397	1.68
6398	1.51
6399	1.54
6400	1.62
6401	1.50
6402	1.20
6403	1.12
6404	0.970
6405	0.980
6406	1.04
6407	1.13
6408	1.11
6409	1.06
6410	1.14
6411	1.22
6412	1.23
6413	1.20
6414	1.09
6415	1.11
6416	1.14
6417	1.20
6418	1.21
6419	1.24
6420	1.20
6421	1.22
6422	1.37
6423	1.37
6424	1.28
6425	1.25
6426	1.17
6427	1.30
6428	1.14
6429	1.30
6430	1.31
6431	1.64
6432	1.72
6433	1.57
6434	1.49
6435	1.45
6436	1.49
6437	1.45
6438	1.47
6439	1.32
6440	1.27
6441	1.49
6442	1.48
6443	1.44
6444	1.37
6445	1.32
6446	1.40
6447	1.55
6448	2.08
6449	1.84
6450	1.70
6451	1.53
6452	1.48
6453	1.28
6454	1.42
6455	1.40
6456	1.32
6457	1.12
6458	1.22
6459	1.13
6460	1.35
6461	1.34
6462	1.16
6463	1.07
6464	1.15
6465	1.27
6466	1.31
6467	1.18
6468	1.14
6469	1.34
6470	1.36
6471	1.46
6472	1.54
6473	1.42
6474	1.44
6475	1.54
6476	1.41
6477	1.54
6478	1.41
6479	1.31
6480	1.32
6481	1.30
6482	1.39
6483	1.23
6484	1.25
6485	1.10
6486	1.27
6487	1.33
6488	1.41
6489	1.48
6490	1.42
6491	1.43
6492	1.41
6493	1.42
6494	1.56
6495	1.61
6496	1.52
6497	1.54
6498	1.48
6499	1.76
6500	1.76
6501	1.62
6502	1.49
6503	1.49
6504	1.68
6505	1.78
6506	1.48
6507	1.41
6508	1.52
6509	1.48
6510	1.36
6511	1.26
6512	1.27
6513	1.21
6514	1.38
6515	1.29
6516	1.20
6517	1.26
6518	1.28
6519	1.36
6520	1.33
6521	1.28
6522	1.23
6523	1.56
6524	1.50
6525	1.35
6526	1.36
6527	1.48
6528	1.39
6529	1.40
6530	1.48
6531	1.39
6532	1.54
6533	1.67
6534	1.67
6535	1.87
6536	2.05
6537	2.02
6538	1.97
6539	2.07
6540	2.07
6541	2.19
6542	1.76
6543	2.19
6544	1.94
6545	1.97
6546	1.86
6547	2.05
6548	1.83
6549	1.91
6550	1.80
6551	2.19
6552	1.86
6553	1.62
6554	1.78
6555	1.89
6556	2.06
6557	1.95
6558	1.97
6559	2.30
6560	2.03
6561	1.67
6562	1.74
6563	2.02
6564	1.84
6565	2.03
6566	2.01
6567	1.99
6568	2.10
6569	2.33
6570	2.27
6571	2.31
6572	2.30
6573	2.16
6574	2.11
6575	2.13
6576	2.03
6577	1.90
6578	1.93
6579	1.86
6580	1.80
6581	2.02
6582	2.17
6583	2.17
6584	2.06
6585	1.98
6586	2.19
6587	2.03
6588	1.90
6589	1.89
6590	2.08
6591	1.95
6592	1.75
6593	1.75
6594	1.86
6595	1.79
6596	1.62
6597	1.56
6598	1.54
6599	1.67
6600	1.51
6601	1.51
6602	1.42
6603	1.34
6604	1.32
6605	1.20
6606	1.20
6607	1.11
6608	1.18
6609	1.18
6610	1.12
6611	1.33
6612	1.24
6613	1.34
6614	1.43
6615	1.44
6616	1.43
6617	1.38
6618	1.36
6619	1.57
6620	1.67
6621	1.40
6622	1.48
6623	1.47
6624	1.41
6625	1.62
6626	1.63
6627	1.63
6628	1.63
6629	1.62
6630	1.66
6631	1.72
6632	1.87
6633	1.78
6634	1.66
6635	1.60
6636	1.39
6637	1.29
6638	1.11
6639	1.18
6640	1.14
6641	0.950
6642	1.03
6643	0.980
6644	1.08
6645	0.980
6646	1.05
6647	1.18
6648	1.24
6649	1.18
6650	1.27
6651	1.55
6652	1.26
6653	1.27
6654	1.32
6655	1.42
6656	1.40
6657	1.46
6658	1.40
6659	1.37
6660	1.24
6661	1.40
6662	1.23
6663	1.22
6664	1.13
6665	1.20
6666	1.05
6667	1.06
6668	1.09
6669	1.13
6670	1.18
6671	1.13
6672	1.18
6673	1.04
6674	1.15
6675	1.22
6676	1.11
6677	1.22
6678	1.29
6679	1.46
6680	1.42
6681	1.35
6682	1.31
6683	1.24
6684	1.18
6685	1.24
6686	1.45
6687	1.56
6688	1.47
6689	1.62
6690	1.65
6691	1.75
6692	1.72
6693	1.73
6694	1.53
6695	1.49
6696	1.49
6697	1.45
6698	1.57
6699	1.61
6700	1.71
6701	1.76
6702	2.03
6703	1.83
6704	1.96
6705	1.94
6706	1.91
6707	1.85
6708	1.62
6709	1.64
6710	1.71
6711	1.53
6712	1.31
6713	1.28
6714	1.18
6715	1.31
6716	1.18
6717	1.15
6718	1.26
6719	1.05
6720	1.06
6721	1.08
6722	1.08
6723	1.05
6724	1.36
6725	1.59
6726	1.33
6727	1.23
6728	1.24
6729	1.19
6730	1.15
6731	1.13
6732	1.18
6733	1.08
6734	1.13
6735	1.24
6736	1.16
6737	1.06
6738	1.21
6739	1.20
6740	1.16
6741	1.13
6742	1.16
6743	1.02
6744	0.960
6745	1.03
6746	0.970
6747	1.08
6748	0.990
6749	1
6750	1.07
6751	1.55
6752	1.69
6753	1.70
6754	1.59
6755	1.55
6756	1.49
6757	1.45
6758	1.31
6759	1.32
6760	1.32
6761	1.33
6762	1.24
6763	1.27
6764	1.14
6765	1.05
6766	0.950
6767	0.910
6768	0.910
6769	0.980
6770	0.940
6771	0.920
6772	0.980
6773	0.930
6774	0.890
6775	0.960
6776	1.05
6777	0.930
6778	0.910
6779	0.850
6780	0.880
6781	0.980
6782	1.12
6783	1.05
6784	1.05
6785	1.01
6786	1.17
6787	1.54
6788	1.73
6789	1.79
6790	1.74
6791	1.58
6792	1.64
6793	1.47
6794	1.51
6795	1.52
6796	1.55
6797	1.82
6798	2.13
6799	3.09
6800	3
6801	2.94
6802	3.05
6803	2.87
6804	2.26
6805	1.76
6806	1.59
6807	1.63
6808	1.49
6809	1.47
6810	1.44
6811	1.48
6812	1.59
6813	1.41
6814	1.51
6815	1.29
6816	1.27
6817	1.13
6818	1.04
6819	0.990
6820	1.03
6821	1.03
6822	1
6823	0.890
6824	0.860
6825	0.840
6826	0.810
6827	0.790
6828	0.720
6829	0.690
6830	0.690
6831	0.660
6832	0.640
6833	0.670
6834	0.610
6835	0.640
6836	0.670
6837	0.650
6838	0.660
6839	0.650
6840	0.720
6841	0.690
6842	0.720
6843	0.850
6844	0.780
6845	0.860
6846	0.960
6847	0.990
6848	0.960
6849	0.970
6850	0.990
6851	0.970
6852	0.930
6853	0.920
6854	0.830
6855	0.830
6856	0.850
6857	0.850
6858	0.970
6859	1.02
6860	1.25
6861	1.36
6862	1.68
6863	1.68
6864	1.58
6865	1.42
6866	1.39
6867	1.37
6868	1.22
6869	1.30
6870	1.29
6871	1.13
6872	1.11
6873	1.24
6874	1.27
6875	1.44
6876	1.39
6877	1.63
6878	1.68
6879	1.40
6880	1.33
6881	1.15
6882	1.02
6883	0.950
6884	0.850
6885	0.940
6886	0.790
6887	0.740
6888	0.910
6889	0.950
6890	0.860
6891	0.740
6892	0.730
6893	0.750
6894	0.760
6895	0.890
6896	0.960
6897	0.960
6898	1.11
6899	1
6900	1.06
6901	0.940
6902	0.950
6903	0.870
6904	1.10
6905	1.28
6906	1.51
6907	1.46
6908	1.39
6909	1.35
6910	1.28
6911	1.12
6912	1.32
6913	1.39
6914	1.29
6915	1.23
6916	1.16
6917	1.24
6918	1.37
6919	1.28
6920	1.20
6921	1.16
6922	0.950
6923	1.01
6924	0.930
6925	0.940
6926	0.890
6927	0.920
6928	0.930
6929	0.880
6930	1.61
6931	2.27
6932	1.96
6933	1.78
6934	2.02
6935	2.15
6936	2.20
6937	2.15
6938	1.92
6939	2.01
6940	1.91
6941	1.78
6942	1.96
6943	2.04
6944	2.17
6945	2.17
6946	2.33
6947	2.33
6948	2.71
6949	2.18
6950	2.46
6951	2.29
6952	2.15
6953	1.73
6954	1.67
6955	1.45
6956	1.53
6957	1.31
6958	1.21
6959	1.47
6960	1.46
6961	1.36
6962	1.56
6963	2
6964	2.16
6965	1.89
6966	1.89
6967	1.79
6968	1.67
6969	1.58
6970	1.54
6971	1.76
6972	1.43
6973	1.41
6974	1.62
6975	1.72
6976	1.44
6977	1.31
6978	1.59
6979	1.53
6980	1.64
6981	1.59
6982	1.48
6983	1.48
6984	1.57
6985	1.56
6986	1.59
6987	1.64
6988	1.66
6989	1.52
6990	1.54
6991	1.55
6992	1.45
6993	1.39
6994	1.35
6995	1.21
6996	1.18
6997	1.07
6998	1.07
6999	1.07
7000	1.12
7001	1.24
7002	1.27
7003	1.20
7004	1.06
7005	1.03
7006	0.970
7007	0.950
7008	0.850
7009	0.770
7010	0.820
7011	0.920
7012	0.800
7013	0.860
7014	0.880
7015	0.860
7016	1.28
7017	2.44
7018	2.51
7019	2.43
7020	2.37
7021	2.85
7022	2.20
7023	2.20
7024	1.83
7025	1.78
7026	1.75
7027	1.51
7028	1.45
7029	1.40
7030	1.22
7031	1.29
7032	1.29
7033	1.25
7034	1.17
7035	1.16
7036	1.20
7037	1.36
7038	1.39
7039	1.28
7040	1.35
7041	1.45
7042	1.31
7043	1.42
7044	1.53
7045	1.41
7046	1.22
7047	1.26
7048	1.37
7049	1.51
7050	1.25
7051	1.32
7052	1.38
7053	1.39
7054	1.62
7055	1.80
7056	2.07
7057	1.90
7058	1.72
7059	1.65
7060	1.58
7061	1.54
7062	1.59
7063	1.42
7064	1.38
7065	1.36
7066	1.31
7067	1.32
7068	1.53
7069	1.70
7070	1.50
7071	1.51
7072	1.50
7073	1.53
7074	1.52
7075	1.48
7076	1.39
7077	1.44
7078	1.35
7079	1.47
7080	1.49
7081	1.46
7082	1.54
7083	1.56
7084	1.59
7085	2.10
7086	2.41
7087	2.62
7088	3.06
7089	2.93
7090	3.20
7091	2.70
7092	2.47
7093	2.23
7094	2.45
7095	2.34
7096	2.26
7097	2.01
7098	2.10
7099	2.15
7100	2
7101	1.76
7102	1.77
7103	1.71
7104	1.92
7105	1.84
7106	1.88
7107	1.59
7108	1.35
7109	1.48
7110	1.47
7111	1.36
7112	1.17
7113	1.13
7114	1.27
7115	1.51
7116	1.61
7117	1.95
7118	1.80
7119	1.70
7120	1.56
7121	1.49
7122	1.58
7123	1.68
7124	1.69
7125	1.67
7126	2.01
7127	1.83
7128	1.73
7129	1.78
7130	1.56
7131	1.65
7132	1.64
7133	1.64
7134	1.88
7135	2.54
7136	2.66
7137	3.41
7138	2.88
7139	2.57
7140	2.24
7141	2.27
7142	2.47
7143	2.41
7144	2.72
7145	3.17
7146	3.02
7147	2.58
7148	2.69
7149	2.55
7150	2.42
7151	2.19
7152	2.14
7153	2.05
7154	2.04
7155	1.84
7156	1.72
7157	1.56
7158	1.49
7159	1.42
7160	1.83
7161	2.07
7162	1.96
7163	2.17
7164	2.78
7165	2.55
7166	2.78
7167	2.97
7168	2.80
7169	2.96
7170	2.76
7171	2.90
7172	2.90
7173	2.73
7174	2.56
7175	2.77
7176	2.38
7177	2.27
7178	2.09
7179	2.14
7180	1.86
7181	1.88
7182	1.89
7183	1.85
7184	1.77
7185	1.83
7186	1.69
7187	1.88
7188	1.78
7189	1.67
7190	1.75
7191	2.05
7192	1.93
7193	1.67
7194	1.76
7195	1.82
7196	2.07
7197	1.99
7198	2
7199	2.21
7200	2.13
7201	2.12
7202	2.20
7203	2.30
7204	2.32
7205	2.20
7206	2.23
7207	2.31
7208	2.19
7209	1.99
7210	2
7211	1.84
7212	1.79
7213	1.66
7214	1.57
7215	1.61
7216	1.81
7217	1.63
7218	1.66
7219	1.36
7220	1.46
7221	1.46
7222	1.41
7223	1.50
7224	1.44
7225	1.50
7226	1.46
7227	1.36
7228	1.42
7229	1.45
7230	1.65
7231	1.74
7232	1.96
7233	1.93
7234	2.22
7235	2.28
7236	2.19
7237	1.96
7238	1.92
7239	1.91
7240	1.82
7241	1.66
7242	1.48
7243	1.27
7244	1.31
7245	1.13
7246	1.14
7247	1.26
7248	1.30
7249	1.38
7250	1.67
7251	1.44
7252	1.71
7253	1.97
7254	1.85
7255	2.10
7256	2.03
7257	2.16
7258	2.39
7259	2.17
7260	2.24
7261	2.18
7262	2.37
7263	2.47
7264	2.48
7265	2.86
7266	2.81
7267	3.21
7268	3.10
7269	2.97
7270	2.90
7271	2.80
7272	2.92
7273	3.11
7274	3.34
7275	2.78
7276	2.93
7277	2.83
7278	2.97
7279	3.26
7280	2.79
7281	3.16
7282	3.16
7283	2.87
7284	2.90
7285	2.76
7286	2.70
7287	2.82
7288	2.51
7289	2.33
7290	2.55
7291	2.44
7292	2.14
7293	1.99
7294	2.03
7295	1.92
7296	2.02
7297	2.02
7298	1.92
7299	1.91
7300	2.04
7301	2.03
7302	2.37
7303	2.30
