1	3.41
2	3.99
3	4.18
4	4.17
5	4.74
6	6.10
7	5.36
8	3.82
9	3.79
10	3.47
11	3.13
12	3.27
13	3.41
14	3.49
15	6.45
16	6.96
17	6.39
18	5.91
19	5.58
20	4.93
21	4.97
22	3.19
23	2.29
24	1.90
25	1.60
26	2.61
27	4.64
28	5.45
29	5.44
30	4.19
31	4.25
32	4.17
33	3.11
34	3.18
35	3.76
36	4.25
37	4.25
38	4.42
39	4.84
40	4.99
41	4.59
42	4.03
43	3.44
44	3.39
45	3.19
46	2.75
47	2.84
48	2.82
49	2.36
50	2.34
51	2.31
52	2.24
53	2.35
54	1.96
55	1.82
56	2.30
57	2.19
58	2.58
59	3.95
60	3.04
61	2.94
62	4.03
63	3.16
64	2.77
65	2.65
66	3.13
67	3.35
68	3.03
69	2.28
70	1.96
71	1.84
72	2.48
73	4.23
74	6.17
75	6.65
76	6.41
77	5.38
78	4.88
79	4.44
80	4.03
81	3.98
82	4.62
83	3.80
84	3.19
85	3.58
86	3.28
87	3.48
88	3.48
89	3.14
90	4.10
91	4.63
92	3.87
93	4.36
94	5.62
95	6.10
96	5.22
97	4.20
98	4.53
99	4.28
100	4.25
101	3.49
102	3.35
103	2.84
104	2.42
105	2.27
106	2.43
107	4.79
108	7.98
109	8.29
110	9.29
111	6.90
112	5.35
113	5.02
114	4.49
115	5.67
116	8.49
117	6.69
118	4.73
119	3.57
120	3.22
121	2.49
122	2.44
123	2.28
124	1.84
125	1.82
126	1.95
127	2.16
128	2.32
129	3
130	2.45
131	3.10
132	3.07
133	2.80
134	2.29
135	2.92
136	2.62
137	2.43
138	2.16
139	1.72
140	1.80
141	2.92
142	5.37
143	5.86
144	4.90
145	3.32
146	3.17
147	2.91
148	2.71
149	3.64
150	4.02
151	2.81
152	2.91
153	4.58
154	5.69
155	5.65
156	5.79
157	4.59
158	6.05
159	4.76
160	4.07
161	3.53
162	3.13
163	3.12
164	4.41
165	5.06
166	6.19
167	4.50
168	3.63
169	2.42
170	1.86
171	2.41
172	4.70
173	5.18
174	3.56
175	3.85
176	5.14
177	5.35
178	5.66
179	5.32
180	4.90
181	4.20
182	3.13
183	1.91
184	1.54
185	2.09
186	3.59
187	4.09
188	3.56
189	2.78
190	2.19
191	2.78
192	2.74
193	2.92
194	3.01
195	2.80
196	2.61
197	2.74
198	3.61
199	3.13
200	2.58
201	2.64
202	2.44
203	2.94
204	3.99
205	3.27
206	3.14
207	2.13
208	1.80
209	1.78
210	1.69
211	1.56
212	1.69
213	2.03
214	1.98
215	2.17
216	2.63
217	2.70
218	3.57
219	4.08
220	4.63
221	4.10
222	4.08
223	3.41
224	3.46
225	2.92
226	2.65
227	2.41
228	2
229	2
230	1.53
231	1.40
232	1.76
233	1.81
234	2.26
235	2.04
236	2.11
237	2.03
238	2.08
239	1.79
240	1.89
241	1.83
242	1.72
243	1.47
244	1.42
245	1.54
246	2.08
247	2.59
248	2.87
249	2.32
250	1.98
251	1.93
252	2.50
253	2.47
254	2.38
255	2.19
256	1.94
257	1.53
258	1.65
259	3.24
260	2.74
261	2.22
262	2.10
263	2.43
264	3.03
265	3.03
266	2.73
267	3.35
268	3.73
269	3.56
270	3.35
271	3.04
272	3.15
273	3.17
274	2.99
275	2.46
276	1.84
277	2.07
278	1.98
279	2.41
280	2.69
281	3.29
282	2.33
283	1.83
284	1.53
285	2.02
286	1.62
287	1.71
288	1.77
289	2.20
290	2.02
291	2.05
292	2.38
293	2.35
294	1.93
295	1.99
296	1.68
297	1.63
298	1.51
299	1.51
300	2
301	2.13
302	2.84
303	3.15
304	2.62
305	3.41
306	2.89
307	2.86
308	4.48
309	3.09
310	4
311	4.87
312	5.21
313	4.75
314	5.99
315	7.62
316	9.29
317	7.16
318	5.78
319	4.12
320	4.26
321	3.48
322	4.31
323	4.91
324	4.90
325	3.51
326	4.12
327	3.47
328	3.99
329	3.17
330	3.01
331	2.60
332	2.75
333	2.63
334	2.64
335	2.61
336	2.15
337	1.59
338	1.31
339	1.55
340	1.81
341	2.53
342	1.77
343	2
344	1.54
345	1.81
346	1.35
347	1.41
348	2.05
349	2.54
350	2.34
351	2.14
352	2.41
353	2.27
354	1.95
355	3.05
356	3.49
357	2.94
358	2.96
359	2.56
360	2.16
361	1.91
362	1.97
363	1.61
364	2.36
365	2.75
366	2.45
367	3.06
368	4.32
369	4.39
370	4.66
371	6.99
372	7.93
373	7.64
374	7.08
375	5.25
376	3.65
377	4.83
378	4.81
379	6.02
380	5.48
381	4.61
382	3.43
383	3.14
384	3.42
385	4.79
386	7.89
387	5.93
388	7.24
389	7.38
390	7.22
391	7.07
392	7.56
393	6.80
394	6.03
395	5.38
396	5.81
397	4.44
398	3.47
399	3.42
400	3.78
401	3.19
402	2.98
403	3.62
404	4.38
405	3.86
406	3.90
407	4.39
408	4.25
409	5.19
410	4.53
411	4.13
412	3.66
413	2.81
414	2.88
415	2.33
416	1.84
417	1.47
418	1.05
419	0.760
420	0.740
421	0.770
422	0.940
423	0.940
424	1.06
425	1.50
426	2.06
427	1.68
428	1.65
429	2.11
430	2.76
431	4.07
432	3.61
433	3.22
434	2.48
435	2.41
436	2.35
437	1.90
438	1.63
439	1.55
440	1.45
441	1.51
442	1.25
443	1.76
444	2.26
445	2.55
446	2.32
447	3.11
448	2.71
449	2.50
450	2.08
451	2.31
452	2.80
453	3.05
454	3.52
455	3.20
456	4.01
457	4.06
458	4.18
459	3.22
460	2.90
461	2.30
462	1.50
463	1.20
464	1.72
465	2.13
466	1.77
467	1.71
468	3.32
469	3.86
470	3.05
471	3.36
472	3.39
473	3.34
474	3.14
475	3.59
476	3.51
477	3.21
478	2.90
479	2.40
480	2.20
481	1.89
482	1.64
483	1.39
484	1.17
485	1.15
486	1.18
487	1.99
488	2.64
489	2.54
490	2.90
491	3.08
492	2.77
493	2.29
494	2.01
495	2.21
496	1.83
497	1.65
498	1.85
499	2.18
500	1.98
501	2.09
502	2.05
503	2.67
504	2.22
505	2.03
506	1.97
507	1.87
508	1.69
509	1.54
510	1.40
511	1.32
512	1.77
513	1.98
514	2.01
515	1.87
516	2.37
517	3.43
518	4.01
519	3.95
520	3.58
521	3.02
522	2.56
523	1.90
524	1.50
525	1.45
526	1.43
527	1.53
528	1.60
529	1.54
530	2.17
531	3.18
532	2.76
533	3.20
534	3.81
535	4.37
536	3.59
537	4.01
538	3.69
539	2.74
540	3.40
541	3.07
542	2.86
543	2.53
544	3.25
545	4.21
546	3.77
547	2.89
548	2.57
549	1.97
550	1.78
551	1.41
552	1.20
553	1.38
554	1.72
555	1.79
556	1.75
557	1.49
558	1.39
559	1.71
560	3.08
561	3.64
562	3.35
563	3.01
564	3.07
565	2.65
566	2.34
567	2.24
568	2.01
569	1.93
570	1.73
571	1.42
572	1.68
573	1.57
574	1.36
575	1.14
576	2.01
577	4.14
578	3.38
579	3.24
580	3.56
581	3.57
582	3.54
583	3.71
584	3.12
585	2.56
586	2.65
587	2.11
588	2.02
589	1.66
590	1.52
591	1.73
592	1.47
593	1.20
594	1.50
595	2.70
596	2.56
597	2
598	1.61
599	1.65
600	3.17
601	3.44
602	3.27
603	3.47
604	4.33
605	3.71
606	4.12
607	3.49
608	3.22
609	3.25
610	2.57
611	3.28
612	4.31
613	5.29
614	4.48
615	5.10
616	7.07
617	5.56
618	4.41
619	3.75
620	2.82
621	3.31
622	2.82
623	2.59
624	2.67
625	1.98
626	1.88
627	1.67
628	2.43
629	2.77
630	2.93
631	2.42
632	2.24
633	2.61
634	2.39
635	1.86
636	1.57
637	1.39
638	1.32
639	1.04
640	1.52
641	2.52
642	2.48
643	2.91
644	2.61
645	2.69
646	2.52
647	2.19
648	2.37
649	2.34
650	2
651	2.21
652	2.91
653	2.64
654	2.22
655	1.87
656	1.66
657	1.41
658	1.48
659	1.91
660	1.87
661	1.61
662	1.24
663	0.990
664	1.56
665	1.97
666	3.14
667	3.66
668	3.28
669	2.26
670	2.11
671	2.31
672	2.29
673	2.09
674	1.94
675	2.18
676	2.13
677	1.99
678	1.90
679	1.80
680	1.40
681	1.24
682	1.33
683	1.27
684	1.57
685	1.32
686	1.18
687	1.03
688	1.01
689	0.740
690	0.760
691	0.640
692	0.810
693	0.850
694	0.850
695	1.19
696	1.42
697	1.55
698	1.54
699	1.54
700	1.54
701	1.36
702	1.39
703	1.26
704	1.22
705	1.17
706	0.930
707	1.53
708	2.19
709	1.78
710	1.82
711	2.22
712	3.43
713	5.65
714	4.52
715	5.99
716	4.80
717	4.96
718	4.55
719	3.81
720	3.28
721	2.56
722	2.34
723	2.12
724	2.20
725	2.47
726	2.90
727	2.85
728	2.53
729	1.91
730	1.82
731	1.55
732	1.41
733	1.25
734	1.15
735	0.970
736	0.940
737	0.810
738	1.01
739	0.940
740	1.11
741	0.890
742	0.920
743	0.770
744	0.960
745	1.20
746	1.69
747	1.96
748	2
749	1.74
750	1.92
751	2.24
752	1.88
753	1.87
754	1.32
755	1.25
756	1.21
757	2.01
758	1.61
759	1.67
760	1.43
761	1.51
762	1.24
763	1.37
764	1.03
765	1.21
766	1.36
767	2.07
768	2.70
769	2.98
770	3.18
771	2.84
772	2.27
773	2.43
774	2.34
775	2.39
776	2.46
777	2.29
778	2.18
779	1.70
780	1.77
781	1.48
782	1.49
783	1.14
784	1.32
785	1.90
786	2.04
787	1.69
788	1.77
789	1.46
790	1.89
791	2.15
792	1.96
793	2.01
794	1.81
795	1.70
796	1.47
797	1.14
798	1.40
799	1.79
800	2.18
801	1.76
802	2.08
803	2.32
804	2.81
805	2.23
806	2.03
807	2.09
808	1.89
809	2.76
810	3.03
811	2.74
812	2.06
813	1.64
814	1.80
815	2
816	2.79
817	3.98
818	4.87
819	4.18
820	4.47
821	2.94
822	2.85
823	2.32
824	1.86
825	1.69
826	1.52
827	1.57
828	1.96
829	2.31
830	2.31
831	2.33
832	1.81
833	2.37
834	1.64
835	1.85
836	1.19
837	1.23
838	1.10
839	1.22
840	0.960
841	1.03
842	0.880
843	0.870
844	0.730
845	0.680
846	0.740
847	0.690
848	0.800
849	0.910
850	1.10
851	0.990
852	1.14
853	1.17
854	1.18
855	1.13
856	1.19
857	2.50
858	2.73
859	2.16
860	2.20
861	1.68
862	1.78
863	3.01
864	3.12
865	2.25
866	2.03
867	1.31
868	1.32
869	0.990
870	1.01
871	1.23
872	1.71
873	1.41
874	1.32
875	1.18
876	1.01
877	0.950
878	0.950
879	0.730
880	0.940
881	0.680
882	1.02
883	1.04
884	0.900
885	0.950
886	1.14
887	1.06
888	0.970
889	0.900
890	0.800
891	0.750
892	0.930
893	0.910
894	0.920
895	1.11
896	1.35
897	0.950
898	0.830
899	0.810
900	0.910
901	1.02
902	0.860
903	1
904	0.890
905	0.880
906	1.05
907	1.20
908	1.25
909	1.26
910	1.09
911	1.19
912	0.950
913	1.25
914	0.940
915	1.03
916	1.08
917	1.02
918	0.930
919	0.850
920	0.730
921	1.47
922	1.79
923	2.03
924	2.34
925	2.17
926	2.44
927	2.53
928	2.26
929	2.52
930	2.79
931	2.77
932	2.49
933	1.70
934	1.53
935	1.39
936	1.62
937	1.81
938	1.56
939	1.74
940	1.66
941	1.83
942	1.96
943	1.86
944	1.57
945	1.34
946	1.52
947	1.76
948	1.40
949	1.32
950	1.30
951	1.50
952	2.61
953	3.58
954	2.76
955	4.90
956	2.93
957	2.29
958	2.61
959	1.49
960	1.29
961	1.22
962	2.07
963	1.71
964	2.33
965	2.73
966	2.31
967	1.70
968	1.45
969	1.42
970	1.49
971	1.45
972	1.74
973	1.49
974	1.30
975	1.21
976	1.04
977	0.930
978	1
979	1.38
980	1.55
981	1.72
982	2.41
983	1.88
984	1.79
985	1.50
986	1.86
987	1.95
988	1.72
989	1.61
990	1.36
991	1.85
992	3.27
993	3.56
994	3.44
995	3.50
996	3.84
997	3.38
998	3.21
999	3.01
1000	2.22
1001	1.86
1002	1.42
1003	1.28
1004	1.05
1005	1.11
1006	0.800
1007	0.920
1008	0.680
1009	0.740
1010	0.680
1011	0.730
1012	0.740
1013	0.720
1014	0.690
1015	0.740
1016	0.680
1017	0.680
1018	0.940
1019	2.50
1020	2.55
1021	2.50
1022	2.04
1023	2.24
1024	2.90
1025	2.60
1026	3.20
1027	2.95
1028	3.06
1029	2.92
1030	2.88
1031	3.61
1032	4.44
1033	4.73
1034	4.26
1035	3.53
1036	2.83
1037	1.80
1038	1.68
1039	1.40
1040	1.39
1041	0.960
1042	1.53
1043	1.88
1044	2.64
1045	4.80
1046	4.38
1047	4.50
1048	4.73
1049	3.59
1050	3.97
1051	3.96
1052	3.21
1053	3.02
1054	3.22
1055	3.42
1056	3.75
1057	2.99
1058	3.35
1059	2.70
1060	2.99
1061	2.94
1062	2.86
1063	3.09
1064	3.18
1065	3.45
1066	2.95
1067	2.50
1068	1.66
1069	1.63
1070	1.57
1071	2.48
1072	2.48
1073	2.86
1074	2.90
1075	2.66
1076	2.27
1077	2.31
1078	1.86
1079	2.52
1080	2.93
1081	2.79
1082	2.99
1083	3.35
1084	2.62
1085	1.91
1086	1.67
1087	1.27
1088	1.31
1089	2.28
1090	3.46
1091	3.65
1092	4.21
1093	3.77
1094	4.26
1095	3.61
1096	2.70
1097	1.96
1098	1.97
1099	1.30
1100	1.26
1101	1.37
1102	2.14
1103	2.68
1104	3.19
1105	3.12
1106	3.56
1107	2.55
1108	2.06
1109	1.61
1110	2.99
1111	2.95
1112	3.56
1113	3.60
1114	4.37
1115	5.43
1116	4.26
1117	4.08
1118	3.06
1119	3.01
1120	2.69
1121	1.88
1122	1.90
1123	1.49
1124	1.40
1125	2.27
1126	3.56
1127	4.97
1128	4.98
1129	5.21
1130	3.49
1131	3.45
1132	3.05
1133	2.89
1134	2.84
1135	3.21
1136	2.42
1137	2.93
1138	3.29
1139	2.62
1140	2.31
1141	1.71
1142	2.25
1143	3.09
1144	2.66
1145	3.60
1146	5.81
1147	6.57
1148	6.71
1149	6.45
1150	4.59
1151	3.65
1152	3.31
1153	2.83
1154	2.21
1155	1.97
1156	1.45
1157	1.08
1158	1.04
1159	1.01
1160	1.48
1161	1.30
1162	1.21
1163	1.19
1164	1.17
1165	1.22
1166	1.29
1167	1.23
1168	1.58
1169	2.36
1170	3.05
1171	3.13
1172	3.78
1173	3.80
1174	2.96
1175	2.65
1176	2.36
1177	2.85
1178	3.94
1179	3.85
1180	3
1181	2.84
1182	2.86
1183	2.48
1184	2.62
1185	3.53
1186	2.70
1187	3.61
1188	3.95
1189	3.70
1190	3.71
1191	6.03
1192	6.18
1193	5.52
1194	3.74
1195	4.33
1196	4.43
1197	4.75
1198	5.30
1199	5.02
1200	3.01
1201	1.97
1202	1.95
1203	2.30
1204	2.19
1205	2.03
1206	2.79
1207	2.98
1208	6.56
1209	5.13
1210	3.96
1211	3.35
1212	2.39
1213	3.18
1214	5.26
1215	4.87
1216	4.45
1217	2.67
1218	2.78
1219	3.11
1220	4.05
1221	4.60
1222	4.36
1223	3.12
1224	2.32
1225	1.53
1226	2.30
1227	4.89
1228	6.08
1229	7.04
1230	7.23
1231	7.25
1232	6.77
1233	5.71
1234	4.06
1235	3.81
1236	3.81
1237	4.03
1238	5.02
1239	5.17
1240	4.84
1241	4.77
1242	3.72
1243	2.71
1244	2.35
1245	3.67
1246	4.52
1247	3.47
1248	2.34
1249	2.30
1250	4
1251	5.55
1252	5.37
1253	4.34
1254	3.33
1255	3.40
1256	3.73
1257	3.03
1258	2.35
1259	4.10
1260	3.68
1261	5.78
1262	6.20
1263	8.36
1264	6.97
1265	5.99
1266	5.37
1267	3.64
1268	3.33
1269	2.67
1270	2.45
1271	2.43
1272	2.27
1273	1.88
1274	2.16
1275	3.26
1276	3.55
1277	3.20
1278	3.04
1279	2.52
1280	2.02
1281	1.84
1282	1.55
1283	1.25
1284	0.880
1285	1.46
1286	2.30
1287	3.32
1288	3.82
1289	3.73
1290	2.92
1291	2.72
1292	3.17
1293	3.96
1294	3.01
1295	3.68
1296	5.23
1297	5.37
1298	4.94
1299	4.16
1300	4.17
1301	4.26
1302	4.07
1303	3.56
1304	3.79
1305	3.42
1306	3
1307	2.61
1308	2.13
1309	2.17
1310	1.25
1311	1.97
1312	2.70
1313	3.14
1314	3.16
1315	3.28
1316	3.32
1317	3.57
1318	2.72
1319	1.79
1320	1.61
1321	1.65
1322	4.23
1323	4.63
1324	4.45
1325	4.72
1326	3.78
1327	3.14
1328	3.04
1329	3.40
1330	3.22
1331	3.10
1332	3.76
1333	4.88
1334	7.32
1335	7.20
1336	5.22
1337	4.20
1338	3.29
1339	3.51
1340	4.97
1341	5.39
1342	5.83
1343	5.48
1344	4.71
1345	4.27
1346	4.12
1347	3.76
1348	3.97
1349	4.20
1350	4.81
1351	4.36
1352	3.40
1353	4.28
1354	4.08
1355	3.41
1356	3.21
1357	2.73
1358	2.80
1359	3.54
1360	3.69
1361	4.20
1362	5.83
1363	5.77
1364	5.46
1365	4.29
1366	4.23
1367	3.91
1368	4.43
1369	4.47
1370	4.73
1371	3.82
1372	3.95
1373	2.82
1374	2.98
1375	4.87
1376	6.30
1377	6.49
1378	5.41
1379	4.63
1380	3.92
1381	3.81
1382	4.15
1383	4.70
1384	4.13
1385	4.05
1386	3.09
1387	4.13
1388	5.52
1389	4.86
1390	7.72
1391	5.99
1392	5.62
1393	5.74
1394	8.30
1395	13.2800000000000
1396	10.9900000000000
1397	9.86
1398	9.40
1399	7.74
1400	7.02
1401	5.73
1402	5.30
1403	4.97
1404	5.09
1405	6.66
1406	5.93
1407	6.17
1408	6.01
1409	5.85
1410	4.03
1411	3.85
1412	3.39
1413	3.76
1414	3.58
1415	6.19
1416	8.56
1417	6.97
1418	5.33
1419	4.42
1420	3.68
1421	3.24
1422	2.69
1423	2.18
1424	1.98
1425	1.82
1426	1.72
1427	2.18
1428	2.45
1429	2.86
1430	2.55
1431	1.75
1432	2.04
1433	2.37
1434	2.57
1435	1.93
1436	2.09
1437	2.92
1438	2.79
1439	2.68
1440	2.89
1441	2.76
1442	2.37
1443	1.55
1444	1.33
1445	1.43
1446	1.39
1447	2.06
1448	2.84
1449	2.35
1450	2.66
1451	2.08
1452	2.22
1453	2.19
1454	2.27
1455	1.95
1456	1.90
1457	1.51
1458	1.47
1459	1.53
1460	1.38
1461	1.16
1462	1.42
1463	2.09
1464	4.08
1465	3.83
1466	3.72
1467	2.87
1468	2.25
1469	2.10
1470	2.57
1471	3.11
1472	3.34
1473	3.24
1474	2.58
1475	2.02
1476	3.67
1477	4.25
1478	5
1479	3.44
1480	2.52
1481	1.96
1482	1.80
1483	1.63
1484	2.62
1485	5.02
1486	8.08
1487	8.08
1488	7.05
1489	5.67
1490	4.01
1491	2.87
1492	2.81
1493	2.18
1494	1.89
1495	2.18
1496	4.57
1497	5.89
1498	5.92
1499	4.38
1500	4.86
1501	5.26
1502	5.86
1503	5.16
1504	5
1505	4.63
1506	4.06
1507	2.11
1508	4.05
1509	2.61
1510	1.78
1511	1.72
1512	1.50
1513	1.19
1514	0.900
1515	1.53
1516	1.76
1517	2.28
1518	2.12
1519	2.89
1520	2.82
1521	2.91
1522	2.33
1523	2.14
1524	2.16
1525	2.37
1526	2.88
1527	3.24
1528	2.96
1529	3.40
1530	3.82
1531	4.12
1532	5.42
1533	4.93
1534	5.45
1535	6.25
1536	5.26
1537	4.82
1538	4.26
1539	4.08
1540	4.19
1541	3.72
1542	3.74
1543	2.81
1544	2.39
1545	2.73
1546	3.40
1547	3.56
1548	3.93
1549	5.19
1550	3.78
1551	3.68
1552	2.47
1553	2.32
1554	3.06
1555	2.79
1556	3.46
1557	4.45
1558	4.37
1559	2.86
1560	1.99
1561	1.35
1562	1.32
1563	1.49
1564	1.95
1565	1.50
1566	1.35
1567	1.04
1568	1.25
1569	2.96
1570	4.97
1571	4.30
1572	3.04
1573	3.13
1574	2.72
1575	3.29
1576	3
1577	3.35
1578	3.59
1579	3.83
1580	3.80
1581	4.50
1582	4.14
1583	4.30
1584	3.44
1585	3.39
1586	2.80
1587	3.48
1588	4.58
1589	5.48
1590	6.05
1591	6.74
1592	5.35
1593	3.75
1594	2.11
1595	1.62
1596	1.22
1597	2.39
1598	5.02
1599	8.90
1600	8.10
1601	7.98
1602	7.28
1603	6.61
1604	7.08
1605	5.30
1606	5.05
1607	4.36
1608	4.36
1609	3.66
1610	2.74
1611	3.16
1612	4.05
1613	4.46
1614	4.98
1615	5.01
1616	4.49
1617	3.97
1618	3.83
1619	3.26
1620	2.65
1621	2.84
1622	2.89
1623	2.75
1624	2.25
1625	3.38
1626	5.66
1627	8.13
1628	5.03
1629	6.78
1630	6.26
1631	5.34
1632	4.24
1633	4.04
1634	3.97
1635	3.88
1636	3.70
1637	3.29
1638	3.18
1639	3.49
1640	4.18
1641	6.32
1642	6.65
1643	5.51
1644	5.78
1645	5.24
1646	5.17
1647	4.80
1648	3.87
1649	5.42
1650	4.89
1651	4.59
1652	3.97
1653	2.82
1654	3.42
1655	4.10
1656	3.93
1657	3.29
1658	3.45
1659	3.16
1660	3.34
1661	3.06
1662	3.11
1663	3.43
1664	4.41
1665	4.36
1666	3.99
1667	3.41
1668	2.98
1669	2.89
1670	3.76
1671	4
1672	3.89
1673	2.94
1674	3.04
1675	2.55
1676	1.97
1677	2.01
1678	1.57
1679	2.07
1680	3.05
1681	4.05
1682	3.81
1683	4.59
1684	3.74
1685	3.55
1686	5.33
1687	4.74
1688	4.24
1689	5.72
1690	6.10
1691	6.80
1692	6.82
1693	5.69
1694	4.17
1695	3.06
1696	2.37
1697	1.60
1698	1.34
1699	1.59
1700	1.88
1701	1.47
1702	2.70
1703	3.24
1704	5.74
1705	7.60
1706	6.86
1707	5.16
1708	4.68
1709	3.79
1710	3.97
1711	3.36
1712	3.06
1713	2.14
1714	1.89
1715	1.50
1716	1.61
1717	2.11
1718	2.51
1719	3.18
1720	3.84
1721	4.35
1722	3.89
1723	3.36
1724	3.36
1725	2.64
1726	2.86
1727	2.64
1728	2.99
1729	2.94
1730	3.05
1731	2.36
1732	1.93
1733	2.79
1734	2.88
1735	2.69
1736	4.16
1737	4.39
1738	4.14
1739	4.01
1740	3.35
1741	2.77
1742	2.57
1743	2.66
1744	3.11
1745	3.21
1746	2.98
1747	2.18
1748	1.83
1749	1.52
1750	1.17
1751	1.72
1752	2.30
1753	4.21
1754	3.91
1755	3.01
1756	2.44
1757	2.31
1758	2.15
1759	2.35
1760	2.40
1761	2.37
1762	2.47
1763	2.88
1764	2.80
1765	3.88
1766	3.46
1767	3.28
1768	3.06
1769	2.56
1770	2.22
1771	1.89
1772	1.72
1773	1.81
1774	1.79
1775	2.58
1776	2.31
1777	3.59
1778	3.52
1779	3.72
1780	3.86
1781	3.72
1782	3.67
1783	2.99
1784	2.05
1785	2.09500000000000
1786	2.28
1787	2.21250000000000
1788	2.49750000000000
1789	2.41750000000000
1790	2.42500000000000
1791	3.07
1792	3.26
1793	4.34
1794	4.36
1795	3.76
1796	3.49
1797	2.68
1798	2.39
1799	2.33
1800	2.64
1801	2.76
1802	2.90
1803	4.11
1804	3.24
1805	3.20
1806	6.82
1807	5.75
1808	4.98
1809	4.11
1810	2.81
1811	2.21
1812	2.22
1813	2.08
1814	2.19
1815	2.62
1816	2.72
1817	2.99
1818	3.65
1819	4.31
1820	3.91
1821	3.41
1822	2.99
1823	2.59
1824	2.23
1825	2.39
1826	2.42
1827	2.43
1828	2.65
1829	2.94
1830	2.40
1831	3.34
1832	2.96
1833	2.63
1834	2
1835	1.60
1836	1.30
1837	1.55
1838	2.14
1839	2.17
1840	4.03
1841	3.82
1842	3.47
1843	4.10
1844	3.80
1845	3.07
1846	2.28
1847	1.79
1848	2.04
1849	2.07
1850	2.78
1851	2.46
1852	2.30
1853	1.84
1854	2.70
1855	4.32
1856	4.86
1857	4.11
1858	3.48
1859	3.51
1860	4.46
1861	3.05
1862	3.62
1863	4.85
1864	5.02
1865	4.76
1866	3.88
1867	3.98
1868	3.37
1869	2.97
1870	2.48
1871	2.04
1872	1.84
1873	1.51
1874	1.04
1875	1.24
1876	2.33
1877	3.21
1878	3.77
1879	5.09
1880	5.81
1881	6.99
1882	4.45
1883	3.71
1884	2.46
1885	2.04
1886	1.90
1887	2.05
1888	1.95
1889	1.86
1890	1.26
1891	1.38
1892	1.19
1893	1.22
1894	1.26
1895	1.55
1896	1.44
1897	1.15
1898	1.28
1899	1.32
1900	1.96
1901	2.83
1902	2.70
1903	2.69
1904	2.06
1905	2.58
1906	1.70
1907	1.52
1908	1.19
1909	0.880
1910	1.09
1911	1.27
1912	2.03
1913	3.44
1914	3.48
1915	3.01
1916	3.38
1917	3.31
1918	3.33
1919	2.63
1920	2.37
1921	2.27
1922	1.88
1923	1.61
1924	1.43
1925	1.44
1926	1.13
1927	1.07
1928	1.41
1929	2.55
1930	2.95
1931	2.93
1932	2.70
1933	2.69
1934	2.36
1935	2.09
1936	1.86
1937	1.62
1938	1.73
1939	1.51
1940	1.87
1941	1.72
1942	1.74
1943	1.23
1944	2.12
1945	2.08
1946	2.18
1947	2.66
1948	2.22
1949	1.79
1950	1.41
1951	1.90
1952	1.64
1953	1.99
1954	1.59
1955	1.98
1956	2.75
1957	3.71
1958	2.57
1959	2.20
1960	1.59
1961	1.37
1962	1.13
1963	1.13
1964	0.880
1965	0.870
1966	1.22
1967	1.33
1968	1.13
1969	1.22
1970	1.19
1971	1.40
1972	1.93
1973	1.90
1974	2.64
1975	2.18
1976	1.68
1977	1.69
1978	2.13
1979	2.87
1980	3
1981	3.55
1982	3.81
1983	3.83
1984	3.20
1985	2.66
1986	2.49
1987	2.59
1988	2.84
1989	2.26
1990	2.47
1991	2.14
1992	2.19
1993	1.90
1994	1.52
1995	1.43
1996	1.17
1997	1.29
1998	1.14
1999	0.960
2000	0.830
2001	1.08
2002	1.19
2003	1.72
2004	2.06
2005	2.44
2006	2.67
2007	2.56
2008	3.88
2009	4.58
2010	3.22
2011	2.69
2012	2.57
2013	2.21
2014	2.17
2015	1.70
2016	1.97
2017	1.83
2018	2.47
2019	2.57
2020	2
2021	2.26
2022	3.29
2023	3.26
2024	2.84
2025	2.43
2026	2.41
2027	1.92
2028	1.72
2029	1.32
2030	1.21
2031	1.04
2032	0.850
2033	0.750
2034	0.690
2035	0.720
2036	0.950
2037	1.21
2038	1.06
2039	1.08
2040	1.02
2041	1.80
2042	2.02
2043	2.21
2044	1.76
2045	1.63
2046	2.70
2047	2.97
2048	2.54
2049	2.53
2050	2.44
2051	2.17
2052	1.79
2053	1.32
2054	1.02
2055	1.54
2056	3.44
2057	4.30
2058	3.20
2059	3.39
2060	3.06
2061	2.92
2062	3.54
2063	2.74
2064	2.72
2065	2.41
2066	1.69
2067	1.67
2068	1.70
2069	1.79
2070	1.75
2071	2.13
2072	1.88
2073	2.27
2074	1.58
2075	1.61
2076	1.49
2077	1.76
2078	1.43
2079	1.17
2080	0.830
2081	0.710
2082	0.570
2083	1.36
2084	2.06
2085	3.21
2086	2.94
2087	2.63
2088	2.70
2089	2.08
2090	2.27
2091	2.17
2092	1.80
2093	1.51
2094	1.48
2095	1.40
2096	1.29
2097	1.14
2098	1.32
2099	1.42
2100	1.03
2101	1.28
2102	1.48
2103	1.71
2104	1.91
2105	1.52
2106	1.39
2107	1.33
2108	0.890
2109	1.25
2110	1.37
2111	1.31
2112	1.51
2113	1.32
2114	1.43
2115	1.32
2116	1.38
2117	1.47
2118	1.19
2119	1.15
2120	1.06
2121	0.970
2122	0.830
2123	0.660
2124	1.91
2125	3.30
2126	4.39
2127	4.37
2128	4.12
2129	3.37
2130	3.26
2131	3.35
2132	2.31
2133	2.05
2134	1.95
2135	1.98
2136	1.97
2137	1.87
2138	1.86
2139	1.68
2140	1.69
2141	1.50
2142	1.43
2143	1.59
2144	1.39
2145	1.41
2146	1.45
2147	1.47
2148	1.27
2149	1.15
2150	1.15
2151	1.02
2152	0.870
2153	0.660
2154	0.640
2155	1.02
2156	1.89
2157	1.78
2158	1.65
2159	1.64
2160	1.43
2161	2.05
2162	2.43
2163	2.74
2164	2.25
2165	2.30
2166	2.08
2167	2.52
2168	2.43
2169	2.43
2170	2.32
2171	1.77
2172	1.59
2173	1.45
2174	1.10
2175	1.21
2176	1.09
2177	1.11
2178	1.14
2179	1.42
2180	1.26
2181	1.37
2182	1.25
2183	1.21
2184	1.13
2185	1.13
2186	1.49
2187	1.92
2188	1.75
2189	1.38
2190	1.43
2191	1.49
2192	1.61
2193	1.64
2194	1.57
2195	1.44
2196	1.21
2197	1
2198	1.11
2199	1.97
2200	1.82
2201	2.11
2202	2.10
2203	2.37
2204	2.78
2205	2.21
2206	2.17
2207	1.80
2208	1.90
2209	1.60
2210	1.52
2211	1.36
2212	1.62
2213	1.39
2214	1.20
2215	1.15
2216	1.16
2217	0.990
2218	1.19
2219	0.970
2220	1.43
2221	1.10
2222	1.33
2223	1.24
2224	1.24
2225	1.01
2226	1.17
2227	1.70
2228	2.50
2229	2.14
2230	2.03
2231	2.15
2232	1.91
2233	1.63
2234	1.64
2235	1.53
2236	1.54
2237	1.51
2238	1.41
2239	1.58
2240	1.61
2241	1.77
2242	1.82
2243	2.07
2244	3.61
2245	3.40
2246	3.60
2247	3.55
2248	3.46
2249	2.66
2250	2.08
2251	1.55
2252	1.45
2253	1.17
2254	1.51
2255	1.46
2256	1.47
2257	1.91
2258	2.01
2259	2.14
2260	2.29
2261	2.15
2262	1.69
2263	1.55
2264	1.19
2265	1.26
2266	1.07
2267	1.50
2268	1.55
2269	1.74
2270	1.87
2271	2.20
2272	2.03
2273	2.01
2274	2.22
2275	1.78
2276	1.58
2277	1.35
2278	1.45
2279	1.33
2280	1.44
2281	1.50
2282	1.22
2283	1.17
2284	1.10
2285	0.790
2286	0.880
2287	1.18
2288	1.51
2289	1.59
2290	1.66
2291	1.56
2292	1.67
2293	1.69
2294	1.73
2295	1.29
2296	1.09
2297	1.16
2298	0.990
2299	1.23
2300	1.58
2301	1.63
2302	1.66
2303	1.87
2304	1.52
2305	1.95
2306	1.94
2307	2.10
2308	1.97
2309	1.56
2310	1
2311	1.63
2312	1.73
2313	1.98
2314	1.89
2315	2.34
2316	2.72
2317	3.43
2318	3.09
2319	3.65
2320	2.28
2321	1.71
2322	1.39
2323	1.15
2324	1.15
2325	0.820
2326	1
2327	1.30
2328	1.36
2329	1.28
2330	1.29
2331	1.42
2332	1.88
2333	1.78
2334	1.92
2335	1.56
2336	1.62
2337	1.49
2338	1.63
2339	1.25
2340	1.23
2341	1
2342	0.910
2343	0.860
2344	0.990
2345	0.910
2346	0.950
2347	0.890
2348	1.08
2349	0.860
2350	0.870
2351	0.850
2352	0.820
2353	0.770
2354	0.830
2355	1.36
2356	1.77
2357	2.02
2358	2.01
2359	1.93
2360	2.32
2361	2.81
2362	2.98
2363	3.62
2364	3.09
2365	2.83
2366	2.58
2367	2.37
2368	2.07
2369	2.02
2370	1.79
2371	2.03
2372	1.62
2373	1.42
2374	1.30
2375	1.11
2376	1.17
2377	0.960
2378	0.990
2379	0.910
2380	0.820
2381	0.790
2382	1.15
2383	2.11
2384	2.54
2385	2.21
2386	2.14
2387	1.92
2388	1.92
2389	1.63
2390	1.50
2391	1.52
2392	1.54
2393	1.45
2394	1.14
2395	0.880
2396	0.960
2397	1.14
2398	1.81
2399	2.72
2400	2.83
2401	2.54
2402	2.35
2403	2.05
2404	1.76
2405	1.54
2406	1.22
2407	0.950
2408	1.32
2409	1.01
2410	1.25
2411	1.06
2412	1.19
2413	1.04
2414	0.870
2415	1.48
2416	1.53
2417	1.80
2418	1.86
2419	1.83
2420	1.18
2421	1.56
2422	0.980
2423	0.960
2424	0.640
2425	0.620
2426	0.810
2427	0.880
2428	1.05
2429	1.68
2430	2.35
2431	1.88
2432	1.94
2433	2.06
2434	1.66
2435	1.37
2436	1.26
2437	1.38
2438	1.22
2439	1.24
2440	1.98
2441	3.38
2442	3.41
2443	3.03
2444	3.76
2445	4.06
2446	4.54
2447	4.31
2448	3.51
2449	3.11
2450	2.30
2451	3.48
2452	4
2453	6.52
2454	8.09
2455	6.91
2456	5.90
2457	4.87
2458	3.80
2459	2.62
2460	2.33
2461	1.80
2462	1.68
2463	1.62
2464	1.62
2465	1.81
2466	1.84
2467	1.70
2468	1.58
2469	1.46
2470	1.13
2471	1.04
2472	0.830
2473	0.730
2474	1.19
2475	1.34
2476	2.15
2477	2.24
2478	2.49
2479	1.69
2480	2.13
2481	2.02
2482	2.04
2483	2.40
2484	2.21
2485	1.91
2486	1.82
2487	1.83
2488	1.22
2489	1.58
2490	2.57
2491	3.31
2492	2.94
2493	2.71
2494	2.24
2495	2.25
2496	1.72
2497	1.91
2498	3.54
2499	4.90
2500	6.28
2501	4.65
2502	3.33
2503	2.70
2504	2.99
2505	3.09
2506	2.98
2507	3.42
2508	2.97
2509	2.82
2510	2.73
2511	2.23
2512	1.80
2513	2.12
2514	2.03
2515	1.67
2516	2.12
2517	2.10
2518	1.90
2519	1.97
2520	2.39
2521	2.45
2522	3.38
2523	4.05
2524	5.31
2525	4.68
2526	4.52
2527	3.18
2528	2.12
2529	1.35
2530	0.920
2531	2.19
2532	2.95
2533	3.12
2534	3.65
2535	3.82
2536	3.61
2537	3.98
2538	3.73
2539	3.14
2540	1.93
2541	2.19
2542	3.25
2543	4.44
2544	3.67
2545	3.48
2546	3.40
2547	3.14
2548	2.75
2549	2.17
2550	1.72
2551	2.78
2552	1.95
2553	1.75
2554	1.47
2555	1.16
2556	1
2557	1.21
2558	1.70
2559	1.92
2560	2.14
2561	2.57
2562	3.38
2563	3.79
2564	5.16
2565	3.88
2566	3.55
2567	3.63
2568	3.32
2569	4.05
2570	4.29
2571	4.72
2572	5.17
2573	4.76
2574	4.59
2575	3.30
2576	3.27
2577	3.11
2578	2.69
2579	1.98
2580	2.02
2581	2.16
2582	2.19
2583	3.40
2584	3.81
2585	3.66
2586	3.80
2587	3.83
2588	3.19
2589	2.78
2590	2.95
2591	3.03
2592	3.46
2593	3.24
2594	3.99
2595	3.64
2596	4.01
2597	3.55
2598	2.99
2599	2.96
2600	3.15
2601	3.27
2602	2.74
2603	2.75
2604	4.08
2605	3.77
2606	2.93
2607	2.47
2608	2.55
2609	3.15
2610	3.27
2611	3.73
2612	4.35
2613	4.33
2614	3.96
2615	3.72
2616	3.32
2617	2.65
2618	2.14
2619	2.34
2620	2.50
2621	2.45
2622	2.58
2623	2.49
2624	2.39
2625	2.52
2626	2.49
2627	1.94
2628	3.06
2629	2.81
2630	2.82
2631	2.75
2632	2.84
2633	2.14
2634	2.14
2635	1.55
2636	1.42
2637	1.25
2638	1.01
2639	1
2640	1.04
2641	0.950
2642	1.16
2643	1.15
2644	1.30
2645	1.08
2646	1.35
2647	1.18
2648	1.77
2649	1.60
2650	2.01
2651	2.21
2652	2.94
2653	2.91
2654	3.12
2655	4.04
2656	4.79
2657	5.05
2658	5.24
2659	6.14
2660	6.79
2661	7.09
2662	8.41
2663	7.18
2664	6.50
2665	5.77
2666	5.88
2667	4.67
2668	4.10
2669	3.41
2670	2.52
2671	1.92
2672	1.63
2673	1.60
2674	1.64
2675	1.93
2676	2.47
2677	2.03
2678	2.37
2679	2.58
2680	2.71
2681	3.02
2682	3.32
2683	2.72
2684	2.56
2685	2.72
2686	4.66
2687	7.06
2688	7.11
2689	6.03
2690	4.65
2691	3.39
2692	3.99
2693	2.38
2694	1.91
2695	1.72
2696	1.61
2697	2.33
2698	2.25
2699	1.65
2700	1.95
2701	2.69
2702	3.14
2703	2.92
2704	2.64
2705	1.78
2706	1.61
2707	1.19
2708	1.04
2709	2.84
2710	3.85
2711	3.80
2712	3.50
2713	3.56
2714	4.29
2715	4.64
2716	5.15
2717	3.92
2718	3.63
2719	3.85
2720	3.93
2721	3.51
2722	2.52
2723	2.19
2724	1.89
2725	1.58
2726	1.57
2727	1.41
2728	1.15
2729	1.16
2730	2.71
2731	4.11
2732	3.99
2733	4.07
2734	5.58
2735	7.58
2736	8.15
2737	7.75
2738	6.38
2739	5.50
2740	5.26
2741	4.68
2742	5.36
2743	4.22
2744	3.11
2745	2.16
2746	1.83
2747	1.31
2748	2.82
2749	4.88
2750	4.44
2751	4.35
2752	5.73
2753	6.58
2754	6.08
2755	5.12
2756	5.97
2757	5.48
2758	3.26
2759	2.83
2760	2.65
2761	2.42
2762	2.40
2763	2.46
2764	2.11
2765	3.35
2766	3.79
2767	3.92
2768	3.50
2769	2.54
2770	1.91
2771	2.13
2772	2.67
2773	3.05
2774	2.37
2775	1.80
2776	1.31
2777	1.42
2778	1.84
2779	1.79
2780	2.14
2781	2.07
2782	1.46
2783	1.38
2784	1.26
2785	1.13
2786	1.95
2787	2.62
2788	2.68
2789	2.43
2790	2.83
2791	2.73
2792	4.44
2793	4.61
2794	3.93
2795	3.92
2796	3.99
2797	3.90
2798	3.16
2799	3.64
2800	3.68
2801	3.19
2802	2.99
2803	2.90
2804	2.99
2805	3.02
2806	2.99
2807	2.99
2808	4.06
2809	3.49
2810	3.06
2811	3.38
2812	5.43
2813	4.18
2814	4.06
2815	3.54
2816	3.41
2817	2.79
2818	2.46
2819	2.24
2820	2.21
2821	2.14
2822	2.70
2823	2.34
2824	2.44
2825	1.69
2826	1.15
2827	1.10
2828	2.85
2829	4.22
2830	4.56
2831	3.61
2832	2.73
2833	4.42
2834	8.67
2835	9.28
2836	7.63
2837	7.01
2838	4.33
2839	3.76
2840	3.76
2841	3.65
2842	2.80
2843	2.58
2844	3.33
2845	3.59
2846	3.40
2847	4.15
2848	4.26
2849	4.50
2850	3.50
2851	3.95
2852	3.61
2853	3.33
2854	2.93
2855	2.57
2856	2.92
2857	3.43
2858	4.36
2859	3.55
2860	3.48
2861	2.61
2862	3.38
2863	2.03
2864	2.40
2865	2.28
2866	2.54
2867	2.65
2868	2.67
2869	2.82
2870	3.73
2871	7.15
2872	7.54
2873	6.18
2874	5.53
2875	5.88
2876	6.31
2877	4.92
2878	3.63
2879	2.54
2880	2.33
2881	2.02
2882	1.54
2883	1.56
2884	1.57
2885	1.70
2886	2.02
2887	2.26
2888	2.09
2889	2.17
2890	2.84
2891	3.76
2892	2.92
2893	2.93
2894	2.60
2895	2.41
2896	2.23
2897	2.18
2898	1.30
2899	1.75
2900	2.18
2901	2.66
2902	3.45
2903	3.55
2904	3.78
2905	3.82
2906	6.03
2907	5.72
2908	5.58
2909	4.34
2910	2.99
2911	2.58
2912	2.51
2913	3.22
2914	3.98
2915	5.21
2916	4.64
2917	4.73
2918	3.68
2919	4.11
2920	3.53
2921	3.68
2922	3.07
2923	3.03
2924	3.30
2925	2.91
2926	4.55
2927	4.16
2928	3.58
2929	2.80
2930	2.78
2931	2.38
2932	3.31
2933	4.24
2934	3.61
2935	4.60
2936	3.68
2937	3.43
2938	3.41
2939	3.42
2940	3.22
2941	3.55
2942	4.20
2943	3.42
2944	3.76
2945	3.53
2946	3.31
2947	4
2948	3.98
2949	4.67
2950	3.88
2951	3.52
2952	3.80
2953	3.53
2954	3.23
2955	3.04
2956	2.70
2957	2.52
2958	2.67
2959	3.61
2960	4.69
2961	4.88
2962	4.61
2963	4.47
2964	3.54
2965	4.70
2966	4.27
2967	3.35
2968	3.37
2969	3.38
2970	4.64
2971	3.73
2972	4.14
2973	4.76
2974	5.64
2975	4.94
2976	4.74
2977	4.91
2978	3.79
2979	4.29
2980	4.96
2981	4.17
2982	3.92
2983	2.59
2984	3.26
2985	3.26
2986	3.02
2987	2.89
2988	2.69
2989	2.25
2990	2
2991	2.20
2992	3.80
2993	3.74
2994	4.09
2995	4.08
2996	4.59
2997	4.89
2998	5.64
2999	5.38
3000	4.25
3001	4.66
3002	3.95
3003	4.27
3004	4.54
3005	4.86
3006	4.65
3007	4.63
3008	4.83
3009	4.43
3010	3.55
3011	3.44
3012	3.80
3013	3
3014	2.46
3015	1.72
3016	1.62
3017	2.22
3018	2.94
3019	3.03
3020	3.12
3021	2.72
3022	2.51
3023	2.19
3024	2.03
3025	1.90
3026	1.87
3027	2.01
3028	2.75
3029	2.95
3030	2.30
3031	1.67
3032	1.96
3033	3.46
3034	5.48
3035	6.36
3036	5.36
3037	4.32
3038	4.36
3039	4.38
3040	3.68
3041	4.15
3042	3.48
3043	3.12
3044	2.89
3045	3.16
3046	3.06
3047	3.32
3048	2.79
3049	3.12
3050	4.31
3051	4.46
3052	4.04
3053	3.12
3054	2.78
3055	2.20
3056	2.44
3057	2.29
3058	3.88
3059	5.56
3060	5.25
3061	4.39
3062	4.02
3063	3.19
3064	2.97
3065	2.63
3066	1.87
3067	1.42
3068	1.48
3069	1.51
3070	2.51
3071	3.20
3072	3.20
3073	3.52
3074	3.50
3075	3.41
3076	3.80
3077	4.60
3078	4.85
3079	4.46
3080	4.61
3081	3.85
3082	4.54
3083	3.55
3084	3.73
3085	6.63
3086	5.34
3087	4.28
3088	3.39
3089	2.68
3090	2.92
3091	3.36
3092	3.19
3093	3.11
3094	3.03
3095	2.93
3096	3.61
3097	3.04
3098	3.43
3099	2.39
3100	3.11
3101	3.24
3102	3.80
3103	4.87
3104	4.01
3105	3.26
3106	2.76
3107	2.45
3108	1.56
3109	1.47
3110	1.18
3111	2.87
3112	4.03
3113	3.87
3114	4.27
3115	4.59
3116	4.70
3117	3.77
3118	3.35
3119	2.89
3120	2.96
3121	2.70
3122	2.99
3123	4.15
3124	4.03
3125	5.68
3126	7.34
3127	4.31
3128	5.63
3129	5.98
3130	6.04
3131	3.83
3132	4.01
3133	3.98
3134	4.40
3135	4.40
3136	4.01
3137	3.73
3138	5.17
3139	5.81
3140	9.98
3141	10.5100000000000
3142	9.02
3143	7.51
3144	6.51
3145	4.56
3146	3.24
3147	3.78
3148	7.10
3149	6.16
3150	4.39
3151	2.75
3152	2.61
3153	1.78
3154	1.74
3155	1.45
3156	2.01
3157	3.43
3158	5.25
3159	4.55
3160	2.93
3161	2.89
3162	3.14
3163	2.33
3164	2.43
3165	1.83
3166	1.86
3167	4.05
3168	4.62
3169	5.81
3170	5.78
3171	4.91
3172	3.98
3173	3.47
3174	3.26
3175	2.78
3176	2.55
3177	2.59
3178	3.20
3179	4.26
3180	3.48
3181	3.83
3182	3.26
3183	3.40
3184	2.90
3185	5.51
3186	6.08
3187	6.65
3188	6.10
3189	5.15
3190	6.97
3191	7.37
3192	6.41
3193	6.07
3194	4.76
3195	3.56
3196	2.39
3197	1.74
3198	1.63
3199	2.19
3200	2.34
3201	1.95
3202	1.59
3203	1.84
3204	1.93
3205	1.94
3206	2.11
3207	2.50
3208	3.02
3209	2.67
3210	2.44
3211	2.36
3212	1.91
3213	1.52
3214	1.66
3215	1.40
3216	1.79
3217	1.63
3218	1.98
3219	1.91
3220	1.63
3221	1.49
3222	2.56
3223	2.58
3224	2.43
3225	1.98
3226	1.71
3227	1.60
3228	1.96
3229	1.45
3230	1.34
3231	1.08
3232	1.17
3233	1.20
3234	1.98
3235	2.19
3236	2.60
3237	2.40
3238	2.80
3239	1.98
3240	1.57
3241	1.57
3242	1.25
3243	1.07
3244	1.13
3245	1.31
3246	1.70
3247	1.72
3248	1.98
3249	1.92
3250	1.90
3251	1.65
3252	2.03
3253	2.87
3254	2.54
3255	3.51
3256	3.99
3257	3.82
3258	2.83
3259	2.01
3260	1.53
3261	1.30
3262	1.34
3263	1.27
3264	1.45
3265	1.86
3266	2.07
3267	2.73
3268	2.32
3269	2.91
3270	2.71
3271	2.13
3272	2.13
3273	2.27
3274	3.06
3275	3.03
3276	3.08
3277	2.69
3278	2.70
3279	2.41
3280	2.35
3281	1.95
3282	1.71
3283	1.52
3284	1.27
3285	1.01
3286	1.01
3287	1.28
3288	1.94
3289	2.25
3290	2.17
3291	2.29
3292	2.68
3293	2.60
3294	3.07
3295	3.90
3296	3.24
3297	3.35
3298	4.29
3299	4.10
3300	4.39
3301	5.65
3302	5.91
3303	5.87
3304	4.63
3305	4.59
3306	3.48
3307	2.69
3308	2.02
3309	1.67
3310	1.55
3311	1.70
3312	2.52
3313	3.46
3314	2.82
3315	2.94
3316	3.54
3317	3.10
3318	2.42
3319	2.57
3320	2.24
3321	2.16
3322	1.43
3323	1.89
3324	1.22
3325	1.02
3326	1.08
3327	1.28
3328	1.65
3329	2.19
3330	2.01
3331	1.93
3332	1.70
3333	1.74
3334	2.11
3335	2.48
3336	2.04
3337	1.37
3338	1.12
3339	0.900
3340	0.960
3341	2.10
3342	3
3343	4.22
3344	3.72
3345	3.11
3346	3.28
3347	2.99
3348	3.04
3349	2.64
3350	2.54
3351	2.30
3352	2.59
3353	3.13
3354	2.34
3355	2.05
3356	1.91
3357	1.70
3358	1.71
3359	1.69
3360	1.61
3361	1.34
3362	1.35
3363	1.36
3364	1.51
3365	1.62
3366	1.69
3367	1.73
3368	1.67
3369	1.45
3370	1.93
3371	2.95
3372	4.22
3373	3.78
3374	3.48
3375	3.38
3376	2.38
3377	2.01
3378	1.75
3379	1.60
3380	1.98
3381	1.73
3382	1.62
3383	1.55
3384	1.60
3385	1.35
3386	1.75
3387	1.81
3388	1.61
3389	1.22
3390	1.21
3391	1.39
3392	1.88
3393	2.46
3394	2.36
3395	1.92
3396	2.16
3397	1.57
3398	1.42
3399	0.940
3400	1.02
3401	1.84
3402	2.36
3403	2.83
3404	2.34
3405	2.75
3406	2.19
3407	1.88
3408	1.91
3409	1.91
3410	1.55
3411	1.62
3412	1.56
3413	2.18
3414	2.15
3415	2.35
3416	2.26
3417	2.08
3418	2.19
3419	2.59
3420	1.93
3421	1.82
3422	1.21
3423	1.27
3424	1.06
3425	1.04
3426	1.04
3427	0.860
3428	1.06
3429	0.990
3430	1.02
3431	1.50
3432	1.61
3433	1.68
3434	1.73
3435	2.41
3436	2.21
3437	2.75
3438	3.97
3439	4.51
3440	3.58
3441	2.73
3442	2.40
3443	2.10
3444	1.71
3445	1.37
3446	1.62
3447	2.22
3448	2.15
3449	2.90
3450	3.19
3451	2.63
3452	2.20
3453	1.52
3454	1.30
3455	1.01
3456	1.04
3457	1.01
3458	1.16
3459	1.14
3460	1.14
3461	1.20
3462	1.16
3463	0.970
3464	1.23
3465	1.26
3466	1.23
3467	1.47
3468	2.60
3469	2.31
3470	2.21
3471	2.04
3472	2.41
3473	1.81
3474	1.78
3475	1.49
3476	1.21
3477	1.06
3478	0.810
3479	0.780
3480	1.01
3481	1.26
3482	1.69
3483	2.19
3484	2.63
3485	3.49
3486	3.97
3487	3.83
3488	4.23
3489	4.26
3490	3.12
3491	2.90
3492	2.42
3493	2.58
3494	1.91
3495	1.95
3496	1.63
3497	1.56
3498	1.44
3499	1.19
3500	0.940
3501	1.51
3502	2.38
3503	2.98
3504	2.40
3505	2.28
3506	2.53
3507	2.91
3508	3.10
3509	3.23
3510	3.27
3511	3.68
3512	3.29
3513	2.90
3514	2.44
3515	1.89
3516	1.85
3517	1.38
3518	1.54
3519	1.26
3520	1.20
3521	1.05
3522	0.910
3523	0.750
3524	0.820
3525	0.700
3526	0.750
3527	0.680
3528	0.620
3529	0.560
3530	0.690
3531	0.880
3532	1.52
3533	2.29
3534	2.58
3535	1.91
3536	1.84
3537	1.77
3538	2.04
3539	2.07
3540	2.21
3541	1.91
3542	1.55
3543	1.47
3544	1.56
3545	1.29
3546	1.08
3547	0.890
3548	1.47
3549	2.15
3550	3.13
3551	4.93
3552	4.41
3553	3.41
3554	2.55
3555	1.95
3556	1.58
3557	1.40
3558	1.50
3559	1.42
3560	1.30
3561	1.20
3562	1.05
3563	1.10
3564	0.920
3565	1.02
3566	0.860
3567	0.980
3568	0.710
3569	0.850
3570	0.660
3571	0.790
3572	0.720
3573	0.610
3574	0.730
3575	1.79
3576	1.46
3577	1.52
3578	1.68
3579	1.38
3580	1.31
3581	1.15
3582	1.16
3583	1.05
3584	1.30
3585	1.52
3586	1.59
3587	2.05
3588	2.18
3589	2.59
3590	2.04
3591	2.06
3592	2.01
3593	2.26
3594	2.22
3595	2.06
3596	1.88
3597	1.70
3598	1.47
3599	1.79
3600	1.91
3601	1.78
3602	1.46
3603	1.17
3604	1.34
3605	1.14
3606	1.02
3607	1
3608	1.07
3609	1.12
3610	0.970
3611	0.960
3612	1.68
3613	3.17
3614	4.31
3615	3.29
3616	3.12
3617	2.79
3618	3.81
3619	4.02
3620	3.67
3621	3.99
3622	2.93
3623	2.63
3624	2.27
3625	1.81
3626	1.56
3627	1.31
3628	1.32
3629	0.990
3630	1.58
3631	1.50
3632	2.08
3633	1.53
3634	2.07
3635	1.99
3636	1.98
3637	1.05
3638	0.900
3639	0.730
3640	0.550
3641	0.640
3642	0.700
3643	1.23
3644	1.54
3645	2.34
3646	2.54
3647	2.33
3648	1.70
3649	1.75
3650	2.18
3651	3.40
3652	4.07
3653	4.12
3654	3.55
3655	3.04
3656	2.61
3657	2.28
3658	2.32
3659	2.33
3660	2.35
3661	2.84
3662	1.99
3663	2.21
3664	1.54
3665	1.46
3666	1.28
3667	1.26
3668	1.19
3669	1.23
3670	1.48
3671	1.77
3672	2.07
3673	2.21
3674	2.32
3675	2.89
3676	2.65
3677	2.49
3678	1.93
3679	1.57
3680	1.43
3681	1.62
3682	1.93
3683	1.67
3684	1.14
3685	0.860
3686	0.800
3687	0.730
3688	0.710
3689	0.700
3690	0.700
3691	0.700
3692	1
3693	0.890
3694	0.930
3695	1.05
3696	1.12
3697	0.980
3698	0.970
3699	1.07
3700	0.980
3701	0.970
3702	1.12
3703	1.16
3704	1.03
3705	0.990
3706	1.03
3707	1.10
3708	1.12
3709	1
3710	1.43
3711	1.30
3712	1.46
3713	1.35
3714	1.48
3715	1.79
3716	1.72
3717	1.88
3718	1.71
3719	1.85
3720	1.93
3721	1.58
3722	1.58
3723	1.27
3724	1.09
3725	0.970
3726	0.900
3727	0.910
3728	1.01
3729	1.13
3730	1.50
3731	1.56
3732	1.54
3733	1.38
3734	1.25
3735	1.13
3736	1.08
3737	0.830
3738	0.970
3739	0.980
3740	1.19
3741	0.980
3742	1.06
3743	1.07
3744	1.22
3745	0.990
3746	1.03
3747	0.900
3748	0.900
3749	0.840
3750	0.730
3751	0.740
3752	0.670
3753	0.700
3754	0.760
3755	0.870
3756	0.830
3757	0.770
3758	0.750
3759	0.830
3760	0.920
3761	1.28
3762	1.17
3763	1.29
3764	1.19
3765	1.66
3766	1.42
3767	1.81
3768	2.08
3769	3.02
3770	2.83
3771	2.80
3772	2.47
3773	2.20
3774	1.97
3775	1.72
3776	1.64
3777	1.40
3778	1.48
3779	1.57
3780	1.46
3781	1.38
3782	1.12
3783	1.01
3784	1.62
3785	1.66
3786	1.62
3787	1.46
3788	1.56
3789	1.32
3790	1.21
3791	1.03
3792	1.18
3793	2.79
3794	3.59
3795	3.80
3796	3.68
3797	4.10
3798	2.90
3799	2.92
3800	2.20
3801	1.87
3802	1.80
3803	1.60
3804	1.80
3805	1.49
3806	1.66
3807	1.60
3808	1.88
3809	1.61
3810	1.92
3811	1.39
3812	1.51
3813	1.27
3814	1.28
3815	1.02
3816	1.10
3817	0.890
3818	0.830
3819	0.670
3820	0.620
3821	0.770
3822	1.51
3823	2.67
3824	3.17
3825	2.86
3826	2.49
3827	2.04
3828	2.04
3829	1.88
3830	1.59
3831	1.85
3832	1.53
3833	1.92
3834	2.15
3835	1.70
3836	1.41
3837	2.12
3838	1.92
3839	2.05
3840	2.03
3841	2.53
3842	2.46
3843	2.76
3844	2.38
3845	2.17
3846	1.85
3847	1.63
3848	1.11
3849	1.51
3850	1.11
3851	1.58
3852	1.56
3853	1.62
3854	1.14
3855	0.890
3856	0.810
3857	1.01
3858	1.02
3859	0.930
3860	0.980
3861	1.03
3862	0.810
3863	0.910
3864	0.650
3865	0.770
3866	0.810
3867	1.04
3868	0.910
3869	0.900
3870	0.810
3871	0.770
3872	1.48
3873	1.75
3874	1.36
3875	1.42
3876	1.11
3877	1.99
3878	1.85
3879	2.08
3880	1.75
3881	1.37
3882	1.16
3883	1.18
3884	1.56
3885	1.38
3886	2.18
3887	2.98
3888	3.21
3889	2.68
3890	2.93
3891	1.99
3892	1.54
3893	1.13
3894	0.990
3895	1.13
3896	1.66
3897	1.50
3898	1.42
3899	1.24
3900	1.59
3901	2.53
3902	2.88
3903	3.03
3904	2.78
3905	3.13
3906	2.80
3907	3.85
3908	3.28
3909	2.67
3910	3.03
3911	2.75
3912	2.38
3913	2.12
3914	1.90
3915	1.63
3916	1.52
3917	1.41
3918	1.18
3919	1.03
3920	0.800
3921	1.16
3922	1.45
3923	1.21
3924	1.46
3925	1.45
3926	1.29
3927	1.91
3928	2.75
3929	3.44
3930	3.39
3931	3.35
3932	2.48
3933	2.68
3934	2.68
3935	2.96
3936	2.38
3937	1.77
3938	1.57
3939	1.05
3940	1.02
3941	2.18
3942	4.39
3943	3.50
3944	3.22
3945	3.29
3946	3.86
3947	3.29
3948	2.31
3949	3.05
3950	3
3951	2.58
3952	1.96
3953	1.57
3954	1.11
3955	1.51
3956	1.15
3957	1.03
3958	1.06
3959	1.05
3960	0.980
3961	1.54
3962	1.87
3963	1.64
3964	1.45
3965	1.33
3966	2.47
3967	2.58
3968	2.03
3969	1.62
3970	1.40
3971	1.37
3972	1.56
3973	1.94
3974	1.68
3975	1.43
3976	1.19
3977	3.17
3978	7.42
3979	6.95
3980	5.28
3981	4.05
3982	4.93
3983	4.29
3984	3.05
3985	2.35
3986	2.13
3987	1.27
3988	1.06
3989	0.810
3990	1.01
3991	2.21
3992	2.04
3993	2.03
3994	2.95
3995	5.72
3996	5.62
3997	4.74
3998	4.57
3999	3.71
4000	2.60
4001	4.67
4002	5.51
4003	6.60
4004	6.21
4005	5.65
4006	4.82
4007	3.91
4008	3.31
4009	3
4010	3.79
4011	4.13
4012	3.24
4013	3.26
4014	3.17
4015	3.08
4016	2.28
4017	2.14
4018	1.36
4019	1.01
4020	0.810
4021	1.43
4022	3.35
4023	3.84
4024	2.69
4025	2.57
4026	2.79
4027	2.45
4028	2.90
4029	3.38
4030	3.21
4031	3.28
4032	3.39
4033	2.71
4034	1.85
4035	1.73
4036	2.23
4037	2.47
4038	2.77
4039	2.19
4040	2.45
4041	2.47
4042	2.77
4043	2.17
4044	2.49
4045	3.65
4046	4.44
4047	4.09
4048	4.16
4049	4.42
4050	4.26
4051	3.21
4052	2.96
4053	2.99
4054	3.51
4055	4.45
4056	3.91
4057	3.51
4058	2.75
4059	2.37
4060	2.21
4061	4.40
4062	5.29
4063	4.55
4064	4.05
4065	3.08
4066	3.36
4067	4.51
4068	4.91
4069	4.31
4070	3.45
4071	2.38
4072	2.94
4073	3.49
4074	3.73
4075	3.59
4076	4
4077	2.97
4078	3.12
4079	3.13
4080	2.53
4081	2.46
4082	2.27
4083	2.19
4084	2
4085	1.63
4086	2.14
4087	2.65
4088	4.14
4089	4.03
4090	4.78
4091	5.16
4092	5.39
4093	4.91
4094	3.75
4095	2.97
4096	2.85
4097	2.30
4098	2.13
4099	1.95
4100	1.98
4101	1.75
4102	1.74
4103	1.86
4104	2.82
4105	3.57
4106	3.16
4107	2.76
4108	3.13
4109	4.53
4110	6.78
4111	6.74
4112	8.62
4113	7.46
4114	5.96
4115	5.11
4116	4.19
4117	3.07
4118	2.65
4119	3.54
4120	5.29
4121	6.15
4122	5.29
4123	4.23
4124	3.54
4125	2.45
4126	2.60
4127	2.50
4128	2.82
4129	2.63
4130	2.39
4131	3.06
4132	2.42
4133	2.17
4134	2.65
4135	3.10
4136	3.92
4137	3.68
4138	3.72
4139	3.79
4140	3.08
4141	2.71
4142	2.47
4143	1.84
4144	1.80
4145	1.80
4146	3.87
4147	3.98
4148	5.79
4149	7.61
4150	6.48
4151	5.20
4152	4.31
4153	3.46
4154	4.07
4155	5.14
4156	5.01
4157	5.01
4158	4.81
4159	3.82
4160	2.93
4161	1.94
4162	1.64
4163	1.61
4164	3.12
4165	4.62
4166	3.88
4167	5.31
4168	5.56
4169	5.32
4170	4.41
4171	4.07
4172	3.15
4173	2.60
4174	2.69
4175	2.47
4176	2.63
4177	3.23
4178	3.39
4179	3.30
4180	3.10
4181	3.64
4182	3.34
4183	3.07
4184	3.44
4185	3.35
4186	3.22
4187	2.70
4188	1.97
4189	1.50
4190	1.67
4191	1.86
4192	1.78
4193	1.54
4194	1.13
4195	1.29
4196	1.34
4197	1.40
4198	1.73
4199	1.76
4200	2.05
4201	1.98
4202	1.98
4203	1.71
4204	2.09
4205	1.59
4206	2.51
4207	1.59
4208	1.62
4209	1.36
4210	1.44
4211	1.18
4212	1.25
4213	1.29
4214	1.51
4215	1.26
4216	1.22
4217	1.74
4218	2.08
4219	1.99
4220	2.24
4221	2.79
4222	2.74
4223	2.88
4224	4.33
4225	3.81
4226	3.93
4227	2.82
4228	2.67
4229	2.87
4230	2.81
4231	2.17
4232	1.96
4233	1.77
4234	3.55
4235	4.52
4236	3.67
4237	3.12
4238	3.01
4239	2.86
4240	2.18
4241	2
4242	2.24
4243	2.87
4244	2.30
4245	1.99
4246	1.69
4247	1.31
4248	0.940
4249	0.890
4250	1.57
4251	2.48
4252	4.33
4253	4.41
4254	3.73
4255	3.58
4256	3.17
4257	2.33
4258	2.16
4259	1.76
4260	1.82
4261	1.67
4262	1.33
4263	1.39
4264	1.60
4265	1.78
4266	2.48
4267	3.63
4268	4.19
4269	4.11
4270	4.57
4271	4.53
4272	4.93
4273	5.52
4274	4.65
4275	4.06
4276	3.33
4277	3.26
4278	3.18
4279	2.80
4280	2.78
4281	2.61
4282	3.43
4283	3.81
4284	4.03
4285	4.09
4286	5.32
4287	5.33
4288	4.81
4289	4.91
4290	4.88
4291	4.78
4292	3.79
4293	3.64
4294	3.44
4295	2.86
4296	2.99
4297	3.49
4298	3.42
4299	4.03
4300	4.31
4301	4.27
4302	3.46
4303	3.33
4304	2.51
4305	2.31
4306	1.65
4307	1.60
4308	1.69
4309	1.70
4310	2.39
4311	3
4312	2.15
4313	2.65
4314	3.93
4315	3.55
4316	4.06
4317	4.20
4318	3.13
4319	3.20
4320	2.07
4321	1.68
4322	1.24
4323	1.30
4324	1.72
4325	1.58
4326	1.52
4327	1.09
4328	1.01
4329	0.780
4330	2.57
4331	4.38
4332	5.36
4333	4.02
4334	3.83
4335	3.75
4336	3.73
4337	4.17
4338	3.87
4339	3.63
4340	3.90
4341	4.31
4342	4.13
4343	3.34
4344	3.14
4345	2.92
4346	3.80
4347	3
4348	2.86
4349	1.95
4350	1.58
4351	1.41
4352	2.60
4353	3.54
4354	4.32
4355	4.37
4356	3.98
4357	3.87
4358	3.64
4359	3.79
4360	3.22
4361	2.52
4362	2.81
4363	2.34
4364	2.71
4365	2.54
4366	2.15
4367	2.91
4368	2.67
4369	2.88
4370	5.73
4371	4.31
4372	4.18
4373	3.96
4374	2.83
4375	2.75
4376	2.26
4377	2.42
4378	2.17
4379	1.96
4380	3.18
4381	3.84
4382	2.62
4383	2.96
4384	4.27
4385	4.87
4386	5.49
4387	4.52
4388	3.48
4389	3.09
4390	3.22
4391	3.18
4392	3.53
4393	3.70
4394	5.19
4395	4.40
4396	3.64
4397	2.62
4398	6.89
4399	7.29
4400	5.37
4401	4.49
4402	4.30
4403	3.74
4404	4
4405	3.80
4406	3.38
4407	3.14
4408	4.65
4409	4.78
4410	4.91
4411	5.07
4412	4.93
4413	4.86
4414	3.68
4415	3.62
4416	2.93
4417	2.91
4418	2.62
4419	2.89
4420	2.76
4421	3.48
4422	2.84
4423	2.85
4424	3.09
4425	2.90
4426	2.58
4427	2.61
4428	2.40
4429	4.16
4430	4.14
4431	4.39
4432	4.76
4433	6.03
4434	5.86
4435	5.21
4436	4.16
4437	4.43
4438	4.02
4439	3.82
4440	3.08
4441	2.97
4442	2.77
4443	2.90
4444	4.13
4445	5.65
4446	4.51
4447	3.66
4448	3.46
4449	3.91
4450	4.32
4451	5.37
4452	6.31
4453	4.29
4454	5.40
4455	6
4456	4.35
4457	3.35
4458	2.83
4459	3.90
4460	6.77
4461	6.77
4462	6.91
4463	5.68
4464	4.36
4465	4.71
4466	4.20
4467	2.95
4468	2.61
4469	2.20
4470	2.07
4471	3.38
4472	3.83
4473	4.22
4474	3.83
4475	3.65
4476	4.52
4477	4.52
4478	4.22
4479	3.38
4480	3.36
4481	3.37
4482	2.85
4483	3.57
4484	3.31
4485	3.29
4486	4.41
4487	4.10
4488	5.03
4489	6.72
4490	4.31
4491	3.96
4492	4.88
4493	5.34
4494	5.11
4495	4.54
4496	4.43
4497	4.23
4498	3.21
4499	2.41
4500	2.23
4501	3.12
4502	4.75
4503	5.50
4504	4.14
4505	4.06
4506	3.45
4507	2.40
4508	2.43
4509	2.10
4510	2.31
4511	2.54
4512	2.74
4513	2.88
4514	2.85
4515	2.46
4516	1.85
4517	1.32
4518	1.38
4519	1.55
4520	2.65
4521	3.67
4522	3.87
4523	3.25
4524	3.57
4525	3.39
4526	3.17
4527	3.13
4528	3
4529	2.63
4530	2.77
4531	2.14
4532	2.34
4533	2.24
4534	1.92
4535	2.70
4536	3.97
4537	4.97
4538	3.68
4539	3.17
4540	2.89
4541	3.60
4542	4.68
4543	4.67
4544	4.25
4545	3.63
4546	3.64
4547	3.52
4548	3.49
4549	2.98
4550	4.52
4551	3.63
4552	3.72
4553	2.88
4554	3.01
4555	3.44
4556	2.77
4557	3.07
4558	2.28
4559	2.25
4560	2.95
4561	4.42
4562	4.78
4563	4.38
4564	4
4565	5.17
4566	3.55
4567	2.66
4568	2.15
4569	1.90
4570	2.35
4571	2.93
4572	3.35
4573	3.15
4574	3.05
4575	2.21
4576	2.62
4577	3.06
4578	3.11
4579	2.31
4580	2.10
4581	1.84
4582	1.85
4583	1.74
4584	1.54
4585	1.34
4586	1.70
4587	2.21
4588	3.02
4589	2.99
4590	2.67
4591	2.51
4592	3.27
4593	4.25
4594	3.92
4595	4.03
4596	3.59
4597	3.04
4598	3.10
4599	3.60
4600	3.43
4601	3.78
4602	4.06
4603	3.64
4604	3.45
4605	2.91
4606	2.57
4607	2.67
4608	2.76
4609	3.29
4610	4.64
4611	4.40
4612	4.20
4613	4.16
4614	3.76
4615	3.73
4616	3.70
4617	3.23
4618	2.93
4619	2.42
4620	2.27
4621	2.26
4622	3.11
4623	4.01
4624	4.17
4625	5.20
4626	4.78
4627	4.52
4628	4.83
4629	3.82
4630	3.71
4631	3.18
4632	3.26
4633	3.08
4634	3.08
4635	2.56
4636	2.23
4637	1.83
4638	2.02
4639	1.53
4640	1.84
4641	1.63
4642	1.82
4643	1.91
4644	1.89
4645	2.96
4646	3.09
4647	3.45
4648	3.79
4649	3.66
4650	3.44
4651	3.03
4652	2.28
4653	1.82
4654	1.53
4655	1.50
4656	1.81
4657	1.68
4658	3.26
4659	2.95
4660	4.76
4661	3.90
4662	3.47
4663	3.40
4664	3.70
4665	3.26
4666	2.30
4667	2.02
4668	4.16
4669	3.78
4670	4.87
4671	5.28
4672	5.57
4673	4.65
4674	3.29
4675	2.48
4676	2.95
4677	2.73
4678	2.73
4679	2.47
4680	2.09
4681	1.94
4682	3.07
4683	3.97
4684	4.76
4685	5.91
4686	5.70
4687	5.58
4688	6.73
4689	6.60
4690	5.12
4691	4.53
4692	4.29
4693	3.08
4694	2.79
4695	1.77
4696	1.85
4697	3.04
4698	3.86
4699	3.19
4700	3.60
4701	3.66
4702	3.15
4703	3.16
4704	2.93
4705	2.21
4706	1.95
4707	2.12
4708	2.34
4709	2.05
4710	1.63
4711	2.17
4712	2.39
4713	3.04
4714	3.73
4715	3.58
4716	3.47
4717	3.63
4718	3.61
4719	3.25
4720	2.82
4721	2.92
4722	2.42
4723	2.47
4724	2.62
4725	2.74
4726	2.14
4727	1.47
4728	1.54
4729	1.47
4730	1.18
4731	1.14
4732	1.19
4733	1.91
4734	2.85
4735	2.88
4736	2.65
4737	2.60
4738	2.41
4739	2.13
4740	1.92
4741	1.56
4742	1.65
4743	2.86
4744	4.71
4745	4.32
4746	3.47
4747	3.70
4748	3.55
4749	3.82
4750	3.88
4751	3.87
4752	3.40
4753	2.69
4754	2.66
4755	2.16
4756	2.18
4757	2.36
4758	2.48
4759	3.53
4760	3.37
4761	2.69
4762	2.84
4763	2.60
4764	2.75
4765	2.08
4766	2.04
4767	2.07
4768	2.08
4769	2.02
4770	2.06
4771	1.75
4772	1.68
4773	1.59
4774	1.31
4775	1
4776	0.850
4777	2.08
4778	2.50
4779	2.63
4780	2.50
4781	2.64
4782	2.33
4783	1.95
4784	1.96
4785	2.38
4786	2.22
4787	2.56
4788	4.14
4789	4.41
4790	4.35
4791	3.31
4792	3.03
4793	3.30
4794	2.96
4795	2.51
4796	2.66
4797	2.85
4798	2.79
4799	2.88
4800	3.54
4801	2.86
4802	2.51
4803	2.34
4804	3.01
4805	2.33
4806	3.39
4807	3.29
4808	3.25
4809	2.57
4810	2.43
4811	2.20
4812	2.27
4813	2.01
4814	2.05
4815	1.63
4816	1.55
4817	1.33
4818	1.25
4819	1.23
4820	1.47
4821	2.07
4822	2.48
4823	3.41
4824	3.29
4825	3.09
4826	2.36
4827	2.09
4828	2.07
4829	2.86
4830	2.88
4831	2.53
4832	2.82
4833	3.60
4834	4.48
4835	4.35
4836	4.12
4837	3.68
4838	3.61
4839	2.97
4840	2.92
4841	2.48
4842	3.50
4843	2.79
4844	2.70
4845	3.17
4846	3.81
4847	5.33
4848	4.75
4849	4.69
4850	4.01
4851	3.39
4852	2.93
4853	2.67
4854	2.59
4855	2.72
4856	2.38
4857	2.47
4858	1.75
4859	1.42
4860	1.25
4861	0.890
4862	1.06
4863	1.62
4864	1.93
4865	2.17
4866	2.47
4867	2.87
4868	2.79
4869	3.04
4870	2.36
4871	2.04
4872	1.91
4873	1.86
4874	2.51
4875	1.75
4876	1.96
4877	1.51
4878	1.69
4879	1.37
4880	1.37
4881	1.14
4882	0.980
4883	1.29
4884	2.43
4885	2.19
4886	1.80
4887	1.80
4888	1.86
4889	1.50
4890	2.33
4891	2.26
4892	2.14
4893	1.58
4894	1.61
4895	1.65
4896	1.34
4897	1.35
4898	1.03
4899	0.940
4900	0.890
4901	0.810
4902	0.710
4903	0.690
4904	0.690
4905	0.660
4906	0.550
4907	0.700
4908	1.27
4909	1.75
4910	1.39
4911	2.13
4912	1.88
4913	1.88
4914	1.47
4915	1.79
4916	1.67
4917	1.35
4918	1.29
4919	1.24
4920	1.12
4921	1.40
4922	1.56
4923	1.33
4924	1.56
4925	1.28
4926	1.39
4927	1.08
4928	1.07
4929	1.07
4930	1.21
4931	1.12
4932	1.27
4933	1.22
4934	1.45
4935	2
4936	2.22
4937	1.40
4938	2
4939	1.97
4940	2.02
4941	1.76
4942	1.66
4943	1.27
4944	1.11
4945	0.970
4946	0.930
4947	1.06
4948	1
4949	1.14
4950	1.66
4951	1.29
4952	1.06
4953	0.950
4954	1.12
4955	1.56
4956	1.56
4957	1.36
4958	1.16
4959	1.24
4960	1.17
4961	1.10
4962	0.860
4963	0.870
4964	0.900
4965	0.860
4966	1.09
4967	1.87
4968	2.12
4969	2.13
4970	2.17
4971	2.70
4972	2.93
4973	2.91
4974	2.98
4975	2.37
4976	2.12
4977	1.71
4978	1.48
4979	1.58
4980	1.52
4981	1.33
4982	1.52
4983	2.09
4984	3.08
4985	3.07
4986	2.51
4987	1.82
4988	2.34
4989	2.43
4990	1.90
4991	1.92
4992	1.51
4993	1.46
4994	1.19
4995	1.06
4996	0.970
4997	0.710
4998	0.910
4999	1.49
5000	1.74
5001	1.50
5002	1.92
5003	2.12
5004	2.22
5005	2.17
5006	2.17
5007	1.90
5008	1.87
5009	1.52
5010	1.52
5011	1.65
5012	1.60
5013	1.92
5014	1.53
5015	1.36
5016	1.25
5017	1.23
5018	1.24
5019	1.64
5020	1.45
5021	1.24
5022	1.04
5023	0.900
5024	0.780
5025	0.750
5026	0.610
5027	0.630
5028	0.570
5029	0.880
5030	1.19
5031	1.60
5032	1.87
5033	1.74
5034	2.04
5035	2.14
5036	2.02
5037	1.76
5038	2.14
5039	2.67
5040	2.68
5041	2.36
5042	1.99
5043	1.75
5044	1.50
5045	1.13
5046	1.07
5047	0.940
5048	0.910
5049	0.730
5050	0.680
5051	0.910
5052	1.28
5053	1.17
5054	2
5055	2.79
5056	2.90
5057	2.46
5058	2.51
5059	2.12
5060	2.34
5061	3.18
5062	3.63
5063	3.15
5064	3.04
5065	2.08
5066	1.64
5067	1.51
5068	0.980
5069	0.790
5070	0.740
5071	0.640
5072	0.770
5073	0.830
5074	0.960
5075	1.05
5076	1.18
5077	1.36
5078	1.42
5079	1.41
5080	1
5081	0.950
5082	0.810
5083	0.810
5084	0.900
5085	1.35
5086	1.82
5087	1.87
5088	1.62
5089	2.02
5090	2.76
5091	2.08
5092	2.82
5093	2.59
5094	2.56
5095	2.26
5096	2.29
5097	2.02
5098	1.79
5099	1.80
5100	1.72
5101	1.43
5102	1.49
5103	1.38
5104	1.47
5105	1.21
5106	1.24
5107	1.10
5108	1.18
5109	1
5110	1.04
5111	1.01
5112	0.870
5113	0.730
5114	0.740
5115	0.630
5116	0.930
5117	1.54
5118	1.80
5119	1.66
5120	2.17
5121	1.80
5122	1.86
5123	2.39
5124	2.45
5125	1.80
5126	2
5127	1.36
5128	1.26
5129	1.37
5130	1.15
5131	1.18
5132	0.920
5133	0.930
5134	0.910
5135	1.24
5136	1.03
5137	0.870
5138	0.840
5139	0.770
5140	0.890
5141	1.15
5142	0.920
5143	0.950
5144	0.580
5145	0.900
5146	0.990
5147	1.33
5148	1.40
5149	1.30
5150	1.03
5151	1.31
5152	1.41
5153	1.57
5154	1.72
5155	1.45
5156	1.69
5157	1.65
5158	1.73
5159	1.53
5160	1.44
5161	1.39
5162	1.72
5163	2.10
5164	2.10
5165	1.91
5166	1.39
5167	1.63
5168	1.26
5169	1.25
5170	1.27
5171	1.16
5172	1.40
5173	1.34
5174	2
5175	1.85
5176	2.78
5177	3.43
5178	3.30
5179	2.54
5180	1.69
5181	1.94
5182	1.84
5183	1.72
5184	1.96
5185	1.35
5186	1.71
5187	1.69
5188	1.55
5189	1.57
5190	2.26
5191	2.30250000000000
5192	1.08
5193	0.840
5194	1.60
5195	1.68
5196	1.95
5197	1.95
5198	1.55
5199	1.62
5200	2.01
5201	1.99
5202	1.51
5203	1.62
5204	1.47
5205	1.77
5206	1.65
5207	1.64
5208	1.65
5209	1.76
5210	1.52
5211	1.10
5212	0.960
5213	1.62750000000000
5214	1.45750000000000
5215	1.57250000000000
5216	1.25750000000000
5217	0.720
5218	0.910
5219	0.830
5220	0.890
5221	0.910
5222	1.15
5223	1.63
5224	1.93
5225	1.64
5226	1.26
5227	0.900
5228	0.760
5229	0.700
5230	0.650
5231	0.660
5232	0.780
5233	1.56500000000000
5234	1.27
5235	1.34
5236	1.15
5237	1.22
5238	1.08
5239	1.13
5240	1.03
5241	0.960
5242	1.06
5243	0.990
5244	0.770
5245	0.950
5246	1
5247	1.15
5248	0.880
5249	1.04
5250	0.800
5251	0.810
5252	1.09
5253	1.19
5254	1.25
5255	1.15
5256	1.01
5257	1.47
5258	2.11
5259	4.26
5260	4.01
5261	3.61
5262	3.29
5263	2.87
5264	2.09
5265	2.28
5266	1.93
5267	2.11
5268	1.72
5269	2
5270	1.93
5271	2.19
5272	1.70
5273	1.74
5274	1.73
5275	1.68
5276	2.14
5277	2.58
5278	2.35
5279	2.26
5280	2.65
5281	3.12
5282	3
5283	2.27
5284	2.24
5285	1.96
5286	2.08
5287	1.94
5288	1.90
5289	1.60
5290	1.64
5291	1.46
5292	1.62
5293	2.18
5294	2.64
5295	3.56
5296	2.85
5297	2.63
5298	2.95
5299	2.25
5300	1.97
5301	1.71
5302	1.63
5303	1.61
5304	1.35
5305	1.31
5306	1.14
5307	1.04
5308	0.900
5309	0.900
5310	1.22
5311	1.09
5312	1.04
5313	1.10
5314	1.16
5315	1.09
5316	1.19
5317	1.42
5318	1.47
5319	1.47
5320	1.38
5321	1.64
5322	1.90
5323	2.43
5324	2.49
5325	1.89
5326	1.95
5327	2.21
5328	3.09
5329	4.03
5330	2.96
5331	3.65
5332	3.03
5333	3.44
5334	2.57
5335	2.09
5336	1.45
5337	1.25
5338	1.87
5339	2.30
5340	3.14
5341	3.14
5342	3.38
5343	2.39
5344	2.41
5345	1.60
5346	1.45
5347	1.22
5348	1.16
5349	0.910
5350	1.19
5351	1.49
5352	2
5353	2.72
5354	2.49
5355	1.80
5356	1.89
5357	1.69
5358	1.49
5359	1.54
5360	1.34
5361	0.930
5362	1
5363	1.03
5364	0.980
5365	0.690
5366	1.15
5367	1.45
5368	1.12
5369	1.35
5370	1.26
5371	1.52
5372	1.41
5373	1.64
5374	1.37
5375	1.51
5376	1.17
5377	1.36
5378	1.24
5379	1.25
5380	0.970
5381	1.07
5382	1.01
5383	1.62
5384	2.13
5385	3.09
5386	2.65
5387	3.06
5388	2.85
5389	2.79
5390	2.63
5391	3.26
5392	2.89
5393	2.81
5394	2.43
5395	2.07
5396	2.18
5397	1.64
5398	1.73
5399	1.68
5400	1.74
5401	1.63
5402	2.77
5403	4.42
5404	3.32
5405	3.15
5406	3.79
5407	4.06
5408	4.63
5409	6.14
5410	6.99
5411	5.93
5412	5.43
5413	4.86
5414	4.92
5415	3.44
5416	2.80
5417	1.80
5418	1.38
5419	2.37
5420	2.21
5421	2.48
5422	2.76
5423	2.13
5424	1.59
5425	1.70
5426	2.16
5427	2.71
5428	2.15
5429	2.16
5430	1.72
5431	1.94
5432	1.60
5433	2.33
5434	2.08
5435	2.06
5436	1.72
5437	1.65
5438	1.27
5439	1.45
5440	1.05
5441	1
5442	0.970
5443	1.13
5444	1.42
5445	1.53
5446	1.36
5447	1.50
5448	1.42
5449	1.23
5450	0.950
5451	1.05
5452	1.02
5453	0.840
5454	0.830
5455	1.04
5456	0.790
5457	1.93
5458	4.32
5459	3.44
5460	4.10
5461	3.15
5462	2.89
5463	3.43
5464	3.11
5465	2.22
5466	2.71
5467	2.26
5468	2.16
5469	1.24
5470	0.820
5471	0.870
5472	0.730
5473	1.26
5474	1.45
5475	1.69
5476	2.05
5477	2.49
5478	3.47
5479	3.49
5480	5.24
5481	5.67
5482	5.30
5483	5.31
5484	5.23
5485	4.88
5486	4.32
5487	4.26
5488	3.01
5489	2.95
5490	3.02
5491	2.79
5492	2.38
5493	2.08
5494	2.48
5495	2.02
5496	1.69
5497	1.38
5498	1.09
5499	0.890
5500	0.810
5501	0.810
5502	1.02
5503	1.78
5504	2.68
5505	3.87
5506	4.62
5507	4.74
5508	5.45
5509	4.81
5510	6.33
5511	4.70
5512	6.47
5513	4.78
5514	4
5515	3.78
5516	3.23
5517	3.14
5518	2.60
5519	2.45
5520	1.98
5521	1.96
5522	2.44
5523	2.84
5524	3.87
5525	4.34
5526	4.60
5527	4.94
5528	5.21
5529	4.28
5530	3.66
5531	2.20
5532	2.23
5533	2.06
5534	2.09
5535	1.28
5536	1.18
5537	1.66
5538	2.05
5539	2.06
5540	2.10
5541	2.05
5542	2.71
5543	2.62
5544	2.46
5545	3.53
5546	3.17
5547	3.46
5548	3.15
5549	4.48
5550	3.57
5551	3.44
5552	2.34
5553	1.73
5554	1.25
5555	1.21
5556	1.23
5557	2.08
5558	2.60
5559	2.68
5560	3.23
5561	3.53
5562	3.62
5563	3.37
5564	3.69
5565	4.21
5566	3.69
5567	3.45
5568	2.78
5569	1.86
5570	1.60
5571	1.43
5572	1.69
5573	1.63
5574	1.54
5575	1.13
5576	1.23
5577	1.03
5578	1
5579	0.910
5580	1.10
5581	1.28
5582	1.48
5583	1.54
5584	2.64
5585	3.51
5586	4.72
5587	4.71
5588	4.87
5589	5.08
5590	5.60
5591	5.09
5592	4.78
5593	3.60
5594	2.76
5595	1.82
5596	1.27
5597	0.980
5598	1.06
5599	3.44
5600	6.29
5601	7.86
5602	7.04
5603	7.31
5604	7.05
5605	6.13
5606	5.16
5607	4.58
5608	4.40
5609	3.92
5610	3.46
5611	3.60
5612	3.24
5613	3.53
5614	2.60
5615	2.66
5616	2.93
5617	2.39
5618	1.51
5619	1.19
5620	0.810
5621	1.16
5622	1.90
5623	2.33
5624	2.96
5625	3.17
5626	3.63
5627	4.27
5628	3.66
5629	3.05
5630	2.60
5631	2.31
5632	3.23
5633	4.57
5634	4.13
5635	3.63
5636	4.36
5637	4.11
5638	5.14
5639	4.58
5640	5.05
5641	5.02
5642	4.44
5643	3.80
5644	3.43
5645	3.10
5646	2.76
5647	2.62
5648	2.52
5649	2.95
5650	2.21
5651	2.85
5652	3.07
5653	4.45
5654	4.05
5655	4.12
5656	3.37
5657	2.86
5658	3.01
5659	3.71
5660	2.99
5661	2.45
5662	2.32
5663	2.74
5664	3.20
5665	2.75
5666	2.10
5667	3.15
5668	4.30
5669	5.28
5670	4.21
5671	5.69
5672	4.76
5673	4.20
5674	4.27
5675	4.17
5676	4.07
5677	4.62
5678	3.48
5679	4.64
5680	6.71
5681	4.44
5682	3.75
5683	4.21
5684	5.13
5685	5.17
5686	4.40
5687	3.74
5688	3.63
5689	3.37
5690	3.08
5691	2.61
5692	2.83
5693	2.65
5694	2.59
5695	2.16
5696	2.52
5697	2.03
5698	2.14
5699	1.70
5700	1.66
5701	1.32
5702	1.41
5703	2.26
5704	3.32
5705	4.09
5706	3.62
5707	3.68
5708	4.05
5709	4.15
5710	5.13
5711	4.03
5712	3.84
5713	3.06
5714	2.66
5715	2.39
5716	1.83
5717	2.01
5718	1.77
5719	1.94
5720	3.18
5721	4.37
5722	5.44
5723	4.90
5724	5.27
5725	5.30
5726	4.88
5727	6.09
5728	4.93
5729	5.07
5730	3.59
5731	4.02
5732	3.13
5733	2.84
5734	2.10
5735	2.10
5736	1.73
5737	1.47
5738	1.35
5739	2.13
5740	2.75
5741	2.36
5742	2.13
5743	2.30
5744	2.24
5745	2.11
5746	1.96
5747	2.01
5748	2.51
5749	3.09
5750	3.34
5751	3.71
5752	3.27
5753	2.84
5754	2.74
5755	2.12
5756	2.58
5757	2.32
5758	2.47
5759	1.95
5760	2.13
5761	2.10
5762	2.58
5763	2.96
5764	3.44
5765	2.80
5766	2.43
5767	1.72
5768	1.56
5769	1.58
5770	1.44
5771	1.87
5772	2.94
5773	1.91
5774	1.80
5775	3.65
5776	4.66
5777	7.52
5778	6.57
5779	8.54
5780	8
5781	5.77
5782	4
5783	4.06
5784	2.94
5785	2.95
5786	2.72
5787	2.82
5788	3.04
5789	4.12
5790	4.55
5791	4.27
5792	3.89
5793	3.96
5794	3.67
5795	2.78
5796	2.34
5797	2.69
5798	3.24
5799	3.75
5800	3.58
5801	3.60
5802	3.49
5803	3.30
5804	3.33
5805	3.86
5806	3.13
5807	3.01
5808	2.65
5809	2.28
5810	2.26
5811	1.88
5812	1.76
5813	3.80
5814	4.69
5815	4.65
5816	4.61
5817	4.69
5818	5.76
5819	5.55
5820	6.05
5821	5.67
5822	5.87
5823	4.53
5824	5.14
5825	4.38
5826	4.28
5827	4.41
5828	5.34
5829	4.93
5830	5.88
5831	4.19
5832	4.17
5833	3.90
5834	4.52
5835	4.03
5836	4.52
5837	3.58
5838	3.46
5839	3.60
5840	3.44
5841	2.78
5842	2.97
5843	3.14
5844	2.77
5845	2.37
5846	2.16
5847	1.95
5848	1.53
5849	1.84
5850	3.71
5851	3.59
5852	3.22
5853	3.38
5854	3
5855	2.30
5856	2.15
5857	1.66
5858	1.99
5859	2.05
5860	2.88
5861	2.99
5862	3.44
5863	3.13
5864	3
5865	3.04
5866	3.53
5867	4.18
5868	4.12
5869	3.30
5870	3.12
5871	2.74
5872	2.85
5873	2.40
5874	2.78
5875	2.68
5876	3.21
5877	3.19
5878	2.66
5879	2.50
5880	2.52
5881	2.17
5882	2.10
5883	1.72
5884	1.99
5885	2.10
5886	2.90
5887	2.71
5888	2.53
5889	3.36
5890	4.65
5891	5.15
5892	6.04
5893	4.26
5894	3.63
5895	2.89
5896	2.75
5897	2.78
5898	2.41
5899	2.47
5900	2.89
5901	3.20
5902	3.84
5903	2.90
5904	2.71
5905	3.21
5906	3.02
5907	3.21
5908	2.86
5909	3.28
5910	2.72
5911	2.42
5912	2.27
5913	2.27
5914	2.38
5915	2.10
5916	1.95
5917	1.79
5918	1.63
5919	1.57
5920	1.34
5921	1.25
5922	1.01
5923	1.36
5924	1.99
5925	3.13
5926	4.60
5927	5.04
5928	4.71
5929	4.21
5930	4.01
5931	3.92
5932	4.52
5933	4.18
5934	4.70
5935	4.19
5936	4.51
5937	4.12
5938	3.63
5939	2.88
5940	2.67
5941	2.07
5942	1.81
5943	1.47
5944	1.19
5945	1.29
5946	2.56
5947	2.58
5948	2.67
5949	2.33
5950	2.11
5951	2.90
5952	3.09
5953	3.55
5954	4.84
5955	4.05
5956	2.65
5957	2.82
5958	3.16
5959	3.26
5960	2.91
5961	2.34
5962	2.46
5963	1.99
5964	2.40
5965	2.38
5966	3.33
5967	4.27
5968	5.94
5969	7.54
5970	6.78
5971	5.62
5972	5.30
5973	4.54
5974	4.21
5975	3.63
5976	3.01
5977	3.35
5978	3.20
5979	3.17
5980	3.23
5981	3.72
5982	4.10
5983	3.76
5984	3.08
5985	2.99
5986	3.62
5987	3.30
5988	3.01
5989	2.63
5990	1.65
5991	1.96
5992	1.71
5993	1.96
5994	3.07
5995	2.99
5996	3.93
5997	3.40
5998	3.03
5999	2.24
6000	1.60
6001	1.28
6002	1.12
6003	2.07
6004	4.24
6005	4.07
6006	4.29
6007	4.09
6008	3.33
6009	3.11
6010	3.59
6011	3.27
6012	3
6013	2.67
6014	2.51
6015	2.26
6016	2.69
6017	2.95
6018	2.91
6019	2.59
6020	2.22
6021	1.90
6022	2.05
6023	1.67
6024	1.66
6025	1.56
6026	1.51
6027	1.61
6028	3.59
6029	7.66
6030	5.85
6031	5.30
6032	5.70
6033	4.88
6034	5.75
6035	5.83
6036	5.29
6037	4.04
6038	3.37
6039	2.36
6040	2.38
6041	2.25
6042	2.70
6043	4.30
6044	4.13
6045	3.02
6046	2.72
6047	3.03
6048	3.33
6049	3.11
6050	3.25
6051	2.66
6052	2.88
6053	2.86
6054	2.64
6055	2.79
6056	2.41
6057	2.60
6058	2.64
6059	2.69
6060	2.22
6061	1.69
6062	1.48
6063	1.41
6064	2.12
6065	3.27
6066	3.43
6067	2.82
6068	2.05
6069	1.93
6070	1.75
6071	1.68
6072	1.16
6073	1.29
6074	1.63
6075	2.22
6076	2.44
6077	2.43
6078	2.01
6079	2.31
6080	2.16
6081	1.64
6082	1.76
6083	1.66
6084	1.49
6085	1.74
6086	1.93
6087	1.91
6088	1.67
6089	2.11
6090	2.48
6091	2.45
6092	2.13
6093	2.38
6094	2.57
6095	2.70
6096	2.45
6097	1.88
6098	1.91
6099	2.17
6100	3.04
6101	2.69
6102	2.58
6103	3.05
6104	2.41
6105	2.56
6106	2.94
6107	2.37
6108	2.80
6109	2.31
6110	2.25
6111	2.20
6112	2.08
6113	1.80
6114	1.68
6115	1.29
6116	1.30
6117	1.19
6118	1.31
6119	1.66
6120	2.09
6121	2.69
6122	3.03
6123	3.27
6124	3.01
6125	3.71
6126	4.40
6127	3.77
6128	3.85
6129	2.69
6130	2.61
6131	2.23
6132	1.27
6133	0.930
6134	1.60
6135	3.49
6136	4.60
6137	5.23
6138	6.20
6139	5.08
6140	5.14
6141	5.33
6142	4.61
6143	4.40
6144	3.63
6145	3.46
6146	3.37
6147	4.61
6148	5.35
6149	6.01
6150	6.54
6151	4.30
6152	3.23
6153	2.32
6154	2.56
6155	2.15
6156	2.05
6157	2.35
6158	2.16
6159	2.11
6160	1.73
6161	1.91
6162	1.84
6163	1.50
6164	1.26
6165	1.35
6166	1.35
6167	1.54
6168	1.68
6169	2.53
6170	3.16
6171	1.86
6172	1.48
6173	1.84
6174	2.04
6175	1.80
6176	1.54
6177	1.62
6178	3
6179	4.42
6180	4.01
6181	3.44
6182	3.12
6183	2.50
6184	2.22
6185	1.93
6186	1.54
6187	1.47
6188	1.56
6189	1.49
6190	1.31
6191	1.84
6192	2.92
6193	2.81
6194	2.21
6195	2.45
6196	2.27
6197	2.52
6198	2.30
6199	2.69
6200	2.06
6201	1.93
6202	1.42
6203	1.29
6204	1.42
6205	1.90
6206	3.22
6207	3.57
6208	3.47
6209	2.58
6210	2.71
6211	2.32
6212	2.04
6213	1.89
6214	1.75
6215	1.43
6216	1.19
6217	1.09
6218	2.09
6219	2.97
6220	2.86
6221	2.46
6222	2.38
6223	1.97
6224	3.64
6225	3.90
6226	3.89
6227	3.88
6228	3.59
6229	3.63
6230	3.90
6231	3.86
6232	4.87
6233	3.96
6234	3.82
6235	2.63
6236	3.15
6237	3.38
6238	3.73
6239	5.78
6240	6.88
6241	6.06
6242	5.54
6243	4.30
6244	4.53
6245	5.44
6246	4.37
6247	3.16
6248	3.60
6249	3.24
6250	3
6251	3.30
6252	3.16
6253	3.46
6254	2.69
6255	2.50
6256	1.72
6257	2.94
6258	3.86
6259	3.95
6260	5.23
6261	5.98
6262	4.55
6263	4.56
6264	3.24
6265	3.13
6266	2.56
6267	2.39
6268	1.84
6269	1.29
6270	1.96
6271	4.80
6272	4.84
6273	4.04
6274	3.81
6275	3.10
6276	3.06
6277	3.28
6278	3.36
6279	3.43
6280	4.77
6281	3.92
6282	2.44
6283	2.38
6284	3.21
6285	3.24
6286	2.74
6287	2.36
6288	2.03
6289	1.55
6290	2
6291	2.47
6292	1.88
6293	1.45
6294	2.39
6295	3.14
6296	3.72
6297	3.14
6298	3.01
6299	3.30
6300	3.25
6301	3.15
6302	2.76
6303	2.74
6304	1.96
6305	2.32
6306	3.12
6307	3.34
6308	2.86
6309	2.58
6310	1.92
6311	1.91
6312	1.57
6313	1.22
6314	1.04
6315	1.60
6316	2.11
6317	2.39
6318	2.68
6319	3.44
6320	3.81
6321	4.37
6322	3.65
6323	3.34
6324	2.73
6325	2.24
6326	2.45
6327	2.20
6328	1.83
6329	1.65
6330	1.32
6331	1.90
6332	3.03
6333	3.47
6334	2.55
6335	2.45
6336	1.68
6337	1.61
6338	1.48
6339	1.49
6340	2.04
6341	2.91
6342	2.91
6343	2.19
6344	2.06
6345	1.84
6346	2.30
6347	1.80
6348	1.73
6349	1.63
6350	1.52
6351	1.28
6352	1.35
6353	1.33
6354	1.55
6355	2
6356	1.71
6357	1.61
6358	1.48
6359	1.21
6360	1.01
6361	1.02
6362	1.32
6363	2.08
6364	2.69
6365	3.02
6366	2.50
6367	3.72
6368	2.81
6369	2.34
6370	2.45
6371	1.97
6372	1.66
6373	2.63
6374	2.16
6375	2.16
6376	1.95
6377	2.78
6378	2.89
6379	2.93
6380	2.77
6381	3.21
6382	2.78
6383	2.34
6384	2.51
6385	2.60
6386	2.27
6387	3.06
6388	3.98
6389	3.28
6390	3.14
6391	2.74
6392	2.63
6393	2.59
6394	2.65
6395	2.43
6396	2.29
6397	2.02
6398	1.96
6399	1.48
6400	2.44
6401	3.36
6402	3.31
6403	2.63
6404	2.82
6405	2.90
6406	2.83
6407	2.08
6408	2.10
6409	1.93
6410	1.94
6411	2.04
6412	1.48
6413	1.38
6414	1.97
6415	3.73
6416	4.35
6417	4.37
6418	3.94
6419	3.33
6420	3.64
6421	3.50
6422	3.50
6423	3.32
6424	3.57
6425	2.56
6426	2.19
6427	2.11
6428	2.57
6429	3.30
6430	3.60
6431	3.23
6432	3.16
6433	2.79
6434	2.38
6435	2.20
6436	1.94
6437	2
6438	1.69
6439	1.91
6440	2.09
6441	1.96
6442	1.99
6443	2.52
6444	2.20
6445	2.70
6446	2.13
6447	1.96
6448	2.19
6449	2
6450	1.49
6451	1.42
6452	1.29
6453	1.26
6454	1.15
6455	1.04
6456	1.12
6457	1.13
6458	1.30
6459	1.09
6460	1.03
6461	0.760
6462	1.24
6463	1.71
6464	1.65
6465	1.82
6466	1.75
6467	1.68
6468	1.68
6469	1.76
6470	1.55
6471	1.34
6472	1.35
6473	0.970
6474	0.960
6475	0.970
6476	0.790
6477	1.16
6478	1.56
6479	2.20
6480	1.80
6481	2.21
6482	2.56
6483	4.24
6484	4.71
6485	4.80
6486	5.25
6487	4.36
6488	3.13
6489	2.97
6490	2.35
6491	2.50
6492	2.30
6493	2.08
6494	1.82
6495	1.60
6496	1.26
6497	1.14
6498	1.06
6499	0.990
6500	0.760
6501	0.810
6502	0.620
6503	0.740
6504	0.950
6505	1.23
6506	1.51
6507	1.34
6508	1.38
6509	0.980
6510	0.960
6511	1.01
6512	1.08
6513	1.26
6514	1.77
6515	1.89
6516	1.85
6517	1.35
6518	1.37
6519	1.09
6520	0.980
6521	0.870
6522	0.910
6523	1
6524	0.940
6525	0.860
6526	0.800
6527	0.600
6528	0.550
6529	0.520
6530	0.750
6531	1.41
6532	1.98
6533	2.04
6534	2.22
6535	1.99
6536	1.98
6537	1.87
6538	1.89
6539	2.38
6540	2.34
6541	2.18
6542	2.11
6543	2.42
6544	2.55
6545	2.14
6546	1.84
6547	1.61
6548	1.29
6549	1.42
6550	1.43
6551	1.84
6552	1.88
6553	1.44
6554	1.40
6555	1.30
6556	1.29
6557	1.36
6558	1.69
6559	1.59
6560	1.45
6561	1.59
6562	1.36
6563	1.06
6564	0.910
6565	0.840
6566	0.820
6567	0.860
6568	0.790
6569	0.730
6570	0.840
6571	0.880
6572	0.930
6573	1.11
6574	0.890
6575	1
6576	1.46
6577	1.96
6578	2.31
6579	2.76
6580	3.27
6581	3.28
6582	2.65
6583	1.85
6584	1.86
6585	2.06
6586	2.32
6587	2.31
6588	2.91
6589	4.16
6590	3.25
6591	3.20
6592	2.56
6593	2.47
6594	2.16
6595	2.20
6596	2.01
6597	1.83
6598	1.85
6599	1.61
6600	1.65
6601	1.65
6602	1.57
6603	1.42
6604	1.49
6605	1.66
6606	1.64
6607	1.98
6608	1.59
6609	1.93
6610	1.67
6611	1.42
6612	1.82
6613	2.10
6614	2.03
6615	2.41
6616	2.66
6617	3.07
6618	2.96
6619	2.76
6620	2.61
6621	2.27
6622	2.70
6623	2.20
6624	2.05
6625	1.89
6626	1.67
6627	1.36
6628	1.87
6629	1.85
6630	1.63
6631	1.85
6632	2.31
6633	2.72
6634	2.71
6635	2.54
6636	2.46
6637	2.15
6638	2.06
6639	1.94
6640	1.55
6641	1.41
6642	1.33
6643	1.18
6644	0.960
6645	0.970
6646	1.07
6647	1.22
6648	2
6649	2.57
6650	2.64
6651	2.71
6652	2.71
6653	2.53
6654	2.44
6655	2.89
6656	3.30
6657	3.10
6658	2.97
6659	3.33
6660	2.57
6661	2.35
6662	2.55
6663	2.40
6664	2.18
6665	1.77
6666	1.75
6667	2.61
6668	2.86
6669	3.10
6670	2.77
6671	2.15
6672	1.89
6673	1.75
6674	1.70
6675	2.28
6676	1.92
6677	1.80
6678	1.56
6679	1.68
6680	1.49
6681	1.06
6682	1.13
6683	1.08
6684	1.14
6685	1.10
6686	1.03
6687	1
6688	0.860
6689	0.880
6690	0.890
6691	0.850
6692	0.890
6693	0.910
6694	0.820
6695	0.860
6696	0.850
6697	0.830
6698	0.890
6699	0.880
6700	0.880
6701	1.16
6702	2.66
6703	3.51
6704	2.65
6705	2.65
6706	2.20
6707	1.46
6708	1.47
6709	1.12
6710	1.16
6711	1.29
6712	1.59
6713	1.26
6714	1.27
6715	1.13
6716	1.13
6717	0.930
6718	0.830
6719	0.860
6720	0.840
6721	0.970
6722	0.960
6723	1.09
6724	1.53
6725	2.30
6726	2.35
6727	3
6728	2.97
6729	2.22
6730	2.09
6731	1.74
6732	1.39
6733	1.13
6734	1.20
6735	1.11
6736	1.10
6737	1.07
6738	1.41
6739	1.13
6740	1.30
6741	0.950
6742	1.01
6743	0.990
6744	0.920
6745	0.810
6746	0.750
6747	0.750
6748	1.14
6749	1.47
6750	1.72
6751	1.81
6752	2.27
6753	1.50
6754	1.39
6755	1.34
6756	1.70
6757	1.86
6758	1.73
6759	2.69
6760	3.34
6761	3.38
6762	3.52
6763	2.73
6764	2.68
6765	1.84
6766	1.81
6767	1.31
6768	1.11
6769	1.02
6770	0.980
6771	1.25
6772	1.38
6773	1.25
6774	1.22
6775	1.29
6776	1.97
6777	1.86
6778	2.02
6779	2.08
6780	2.01
6781	1.95
6782	2.04
6783	1.85
6784	1.79
6785	1.92
6786	1.69
6787	1.81
6788	1.56
6789	1.53
6790	1.38
6791	1.57
6792	1.63
6793	1.80
6794	1.95
6795	2.25
6796	2.02
6797	2.14
6798	2.28
6799	1.97
6800	1.62
6801	1.82
6802	2.08
6803	2.39
6804	2.22
6805	1.74
6806	1.62
6807	1.98
6808	2.89
6809	3.50
6810	3.40
6811	2.41
6812	2.63
6813	1.86
6814	1.74
6815	1.48
6816	1.30
6817	1.17
6818	1.25
6819	1.07
6820	1.14
6821	0.960
6822	1.26
6823	1.50
6824	2.69
6825	1.97
6826	2.21
6827	2.38
6828	2.22
6829	1.91
6830	1.73
6831	1.74
6832	1.91
6833	1.72
6834	1.76
6835	1.77
6836	1.76
6837	1.42
6838	1.56
6839	1.68
6840	1.68
6841	2
6842	2.37
6843	2.42
6844	2.25
6845	1.85
6846	1.78
6847	2.06
6848	1.94
6849	1.74
6850	1.75
6851	2.06
6852	1.95
6853	2.39
6854	2.50
6855	2.90
6856	2.80
6857	2.38
6858	2.25
6859	2.62
6860	1.96
6861	2.13
6862	2.43
6863	2.05
6864	1.91
6865	1.30
6866	1.17
6867	1.29
6868	1.24
6869	2
6870	2.93
6871	3.57
6872	3.64
6873	3.06
6874	2.61
6875	1.86
6876	2.27
6877	2.07
6878	2.31
6879	1.90
6880	1.87
6881	2
6882	2.02
6883	1.76
6884	1.65
6885	1.66
6886	1.76
6887	2.05
6888	2.20
6889	2.33
6890	2.27
6891	1.81
6892	2.31
6893	1.86
6894	1.58
6895	2.51
6896	3.52
6897	3.23
6898	3.88
6899	3.18
6900	2.48
6901	1.99
6902	1.61
6903	2.14
6904	2.88
6905	3.09
6906	2.78
6907	2.55
6908	1.62
6909	1.67
6910	1.45
6911	1.85
6912	2
6913	2.11
6914	1.83
6915	1.42
6916	1.39
6917	1.70
6918	1.93
6919	2.59
6920	2.46
6921	2.55
6922	2.27
6923	2.32
6924	2.21
6925	1.90
6926	2.08
6927	1.69
6928	1.58
6929	2.83
6930	4.01
6931	4.62
6932	3.74
6933	3.45
6934	3.21
6935	2.98
6936	2.77
6937	2.67
6938	1.90
6939	1.20
6940	1.47
6941	2.71
6942	4.30
6943	4.23
6944	3.64
6945	2.82
6946	2.81
6947	2.39
6948	2.24
6949	1.90
6950	1.75
6951	1.82
6952	1.77
6953	1.62
6954	1.42
6955	1.18
6956	1.88
6957	3
6958	2.37
6959	2.52
6960	2.26
6961	2.30
6962	2.07
6963	2.06
6964	1.75
6965	1.58
6966	1.75
6967	2.68
6968	3
6969	3.46
6970	2.50
6971	3.01
6972	2.70
6973	3.01
6974	2.75
6975	2.29
6976	1.95
6977	1.87
6978	2.17
6979	3.21
6980	3.63
6981	3.30
6982	2.91
6983	2.67
6984	2.74
6985	2.89
6986	2.70
6987	1.90
6988	1.87
6989	1.85
6990	2.42
6991	2.09
6992	2.15
6993	1.82
6994	1.88
6995	1.51
6996	1.62
6997	1.55
6998	2.87
6999	3.10
7000	2.13
7001	1.68
7002	1.51
7003	1.11
7004	1.35
7005	1.99
7006	2.07
7007	1.80
7008	1.59
7009	1.52
7010	1.50
7011	1.95
7012	3.06
7013	4.63
7014	4.70
7015	3.52
7016	3.36
7017	3.17
7018	2.63
7019	2.21
7020	1.84
7021	2.07
7022	2.46
7023	2.45
7024	2.03
7025	2.13
7026	2.11
7027	2.39
7028	2.27
7029	2.60
7030	3.16
7031	5.19
7032	3.84
7033	3.47
7034	2.83
7035	4.30
7036	6.62
7037	8.20
7038	8.83
7039	7.53
7040	5.95
7041	5.56
7042	4.42
7043	4.46
7044	3.27
7045	3.30
7046	2.78
7047	2.40
7048	2.89
7049	3.57
7050	3.23
7051	2.77
7052	2.48
7053	2.29
7054	2.99
7055	3.30
7056	4.36
7057	3.52
7058	3.95
7059	3.45
7060	2.86
7061	1.99
7062	1.42
7063	2.19
7064	3.23
7065	4.11
7066	4.34
7067	3.42
7068	3.19
7069	4.72
7070	5.53
7071	4.27
7072	3.41
7073	3.15
7074	2.01
7075	1.87
7076	1.80
7077	2.58
7078	4.44
7079	6.03
7080	9.58
7081	10.5600000000000
7082	8.42
7083	7.65
7084	5.69
7085	5.29
7086	4.27
7087	3.58
7088	3.36
7089	2.80
7090	2.37
7091	3.77
7092	6.27
7093	7.08
7094	5.26
7095	4.91
7096	4.88
7097	4.14
7098	5.44
7099	5.09
7100	5.10
7101	4.39
7102	3.87
7103	5.91
7104	13.3900000000000
7105	12.0400000000000
7106	8.59
7107	6.46
7108	5.55
7109	6.25
7110	4.43
7111	3.81
7112	4.77
7113	3.99
7114	3.06
7115	2.75
7116	3.43
7117	3.15
7118	3.03
7119	2.47
7120	2.18
7121	1.76
7122	1.76
7123	2.47
7124	3.82
7125	3.84
7126	3.45
7127	2.23
7128	3.05
7129	2.05
7130	1.56
7131	2.21
7132	3.47
7133	3.53
7134	3.90
7135	4.39
7136	6.14
7137	5.45
7138	5.79
7139	5.31
7140	5
7141	6.64
7142	5.90
7143	4.86
7144	4.65
7145	3.91
7146	3.23
7147	3.30
7148	3.11
7149	2.52
7150	3.20
7151	5.37
7152	6.99
7153	8.09
7154	5.90
7155	6.19
7156	5.09
7157	4.56
7158	3.51
7159	2.70
7160	2.68
7161	2.86
7162	3.20
7163	2.78
7164	3.50
7165	4.88
7166	4.01
7167	4.19
7168	4.94
7169	4.31
7170	4.15
7171	4.28
7172	4.65
7173	3.57
7174	2.84
7175	1.98
7176	2.53
7177	3.28
7178	3.01
7179	3.33
7180	4
7181	3.96
7182	3.18
7183	3.34
7184	2.96
7185	3.81
7186	4.38
7187	4.42
7188	4.40
7189	2.55
7190	2.10
7191	1.76
7192	1.70
7193	2.67
7194	2.48
7195	2.72
7196	3.69
7197	3.78
7198	3.21
7199	2.94
7200	3.10
7201	3.16
7202	2.99
7203	3.70
7204	3.55
7205	3.08
7206	2.99
7207	2.49
7208	2.31
7209	2.99
7210	2.58
7211	3.27
7212	2.74
7213	3.64
7214	3.81
7215	3.06
7216	2.94
7217	2.84
7218	2.53
7219	3.08
7220	3.60
7221	3.68
7222	3.21
7223	3.35
7224	3.39
7225	2.83
7226	3.15
7227	3.06
7228	2.59
7229	1.90
7230	2.33
7231	4.29
7232	5.10
7233	10.8500000000000
7234	10.4
7235	8.74
7236	9.02
7237	7.78
7238	5.67
7239	7.63
7240	5.50
7241	4.03
7242	3.16
7243	2.59
7244	2.33
7245	3.59
7246	5.06
7247	5
7248	5.20
7249	4.13
7250	3.08
7251	3.86
7252	5.35
7253	6.39
7254	7.89
7255	7.19
7256	6.87
7257	7.52
7258	7.13
7259	6.22
7260	4.47
7261	3.73
7262	2.74
7263	2.31
7264	3.32
7265	5.25
7266	5.03
7267	3.98
7268	3.49
7269	3.87
7270	3.31
7271	4.12
7272	3.70
7273	3.51
7274	3.24
7275	4.24
7276	4.96
7277	5.10
7278	7.81
7279	6.57
7280	7.37
7281	7.35
7282	6.76
7283	7.16
7284	7.35
7285	7.28
7286	5.96
7287	4.61
7288	3.79
7289	3.25
7290	3.64
7291	5.91
7292	8.15
7293	7.93
7294	6.30
7295	6.08
7296	6.66
7297	5.71
7298	5.15
7299	6.29
7300	5.15
7301	4.86
7302	4.72
7303	3.74
