1	6.47
2	10.17
3	9.50
4	8.85
5	6.69
6	5.43
7	5.91
8	4.45
9	3.82
10	2.69
11	2.46
12	2.11
13	1.85
14	1.77
15	1.75
16	2.35
17	2.36
18	2.46
19	3.62
20	3.84
21	3.89
22	4.33
23	3.96
24	4.06
25	3.81
26	3.46
27	3.05
28	2.43
29	2.41
30	2.30
31	2.02
32	2.77
33	4.08
34	3.56
35	3.16
36	2.73
37	2.39
38	2.21
39	1.94
40	2.01
41	2.89
42	3.32
43	3.39
44	3.59
45	3.17
46	2.87
47	2.21
48	2.20
49	4.26
50	3.66
51	2.34
52	2.08
53	2.78
54	2.95
55	3.71
56	3.12
57	2.40
58	3.11
59	4.78
60	5.35
61	5.37
62	5
63	5.89
64	5.25
65	4.78
66	3.99
67	3.19
68	2.62
69	2.81
70	2.74
71	3.11
72	2.76
73	3.01
74	2.40
75	2.18
76	2.06
77	2.25
78	2.35
79	2.99
80	3.52
81	3.97
82	3.48
83	3.56
84	3.07
85	3.07
86	3.03
87	2.45
88	3.15
89	4.36
90	4.60
91	4.61
92	4.05
93	7.04
94	7.20
95	4.79
96	3.78
97	2.85
98	3.21
99	3.37
100	4.63
101	6.09
102	6.28
103	6.28
104	5.72
105	5.47
106	4.69
107	3.14
108	2.74
109	2.77
110	3.53
111	3.51
112	3.62
113	6.90
114	5.36
115	4.80
116	4.25
117	4.40
118	3.20
119	2.19
120	1.85
121	3.25
122	3.29
123	3.48
124	3.66
125	3.90
126	2.95
127	2.50
128	1.73
129	1.45
130	1.97
131	2.15
132	2.36
133	2.77
134	4.40
135	4.49
136	4.39
137	3.50
138	2.65
139	2.14
140	1.40
141	1.71
142	2.33
143	3.18
144	3.73
145	3.58
146	2.90
147	2.34
148	1.74
149	1.22
150	2.60
151	3.40
152	4.62
153	4.16
154	4.43
155	3.77
156	2.86
157	3.46
158	7.33
159	9.58
160	7.09
161	6.61
162	5.57
163	4.92
164	3.72
165	3.28
166	2.63
167	2.59
168	2.67
169	4.07
170	3.39
171	3.46
172	3.33
173	3.18
174	3.53
175	4.36
176	4.96
177	3.92
178	4.68
179	7.03
180	7.39
181	7.96
182	5.67
183	5.50
184	4.84
185	3.98
186	2.83
187	3.13
188	6.49
189	6.02
190	5.78
191	5.22
192	5.07
193	5.23
194	4.54
195	4.61
196	3.85
197	3.60
198	3.92
199	4.26
200	5.33
201	5.86
202	6.34
203	4.64
204	4.98
205	5.32
206	5.26
207	4.58
208	4.95
209	4.61
210	4.32
211	3.60
212	2.87
213	2.40
214	2.24
215	2.03
216	1.80
217	1.59
218	3
219	2.78
220	2.58
221	1.90
222	1.70
223	1.59
224	2.30
225	2.06
226	1.88
227	2.64
228	4.72
229	4.86
230	4.11
231	4.34
232	3.54
233	2.78
234	3.10
235	2.67
236	2.90
237	3.24
238	3.13
239	2.98
240	2.80
241	2.47
242	2.55
243	2.37
244	2.33
245	2.24
246	2.88
247	2.74
248	3.32
249	3.84
250	4.07
251	3.86
252	3.41
253	3.60
254	3.57
255	4.33
256	4.96
257	4.67
258	4.73
259	5.60
260	4.68
261	4.73
262	4.56
263	4.06
264	3.53
265	3.25
266	3.51
267	4.94
268	4.98
269	6.16
270	4.54
271	3.96
272	4.27
273	6.48
274	5.86
275	4.88
276	7.07
277	6.36
278	5.08
279	3.84
280	3.14
281	2.62
282	2.47
283	1.99
284	1.80
285	1.42
286	1.25
287	1.18
288	1.29
289	0.970
290	2.34
291	3.05
292	2.57
293	2.54
294	2.66
295	2.28
296	2.12
297	1.94
298	1.46
299	1.96
300	2.52
301	3.86
302	4.29
303	3.90
304	3.29
305	3.40
306	3.70
307	3.10
308	2.91
309	3.16
310	2.73
311	3.01
312	3.81
313	4.30
314	4.08
315	3.82
316	2.92
317	2.50
318	2.53
319	2.53
320	2.84
321	3.46
322	2.91
323	2.48
324	2.93
325	2.50
326	2.40
327	3.09
328	2.80
329	3.74
330	2.86
331	2.15
332	1.95
333	2.37
334	2.74
335	2.84
336	2.72
337	2.20
338	2.28
339	2.11
340	2.28
341	1.50
342	1.86
343	1.69
344	1.43
345	1.40
346	1.54
347	1.31
348	1.56
349	1.65
350	2
351	1.86
352	1.63
353	2.09
354	1.49
355	1.12
356	1.15
357	1.02
358	1.52
359	2.45
360	3.01
361	3
362	2.86
363	3.25
364	2.97
365	2.67
366	2.64
367	2.97
368	3.32
369	3.17
370	2.66
371	2.57
372	2.39
373	2.96
374	2.39
375	2.81
376	2.07
377	2.32
378	1.85
379	2.05
380	2.36
381	2.46
382	2.23
383	2.05
384	3.99
385	4.28
386	5.27
387	4.63
388	4.77
389	3.17
390	2.67
391	2.14
392	1.71
393	1.59
394	1.67
395	1.35
396	1.24
397	1.57
398	2.02
399	1.65
400	1.91
401	2.02
402	2.16
403	1.77
404	1.70
405	1.57
406	1.46
407	1.45
408	1.68
409	1.97
410	2.05
411	2.81
412	3.47
413	4.34
414	4.27
415	3.69
416	3.24
417	2.83
418	2.33
419	3.09
420	3.07
421	3.25
422	3.15
423	3.50
424	3.06
425	4.69
426	4.50
427	4.67
428	5.23
429	6.72
430	5.54
431	4.91
432	3.84
433	3.10
434	2.51
435	1.67
436	1.28
437	1.28
438	0.960
439	0.770
440	0.700
441	0.830
442	1.31
443	2.23
444	2.95
445	2.84
446	2.41
447	2.18
448	1.95
449	1.65
450	1.50
451	1.54
452	1.58
453	1.54
454	1.36
455	1.20
456	1.38
457	1.38
458	1.41
459	1.26
460	1.33
461	1.24
462	1.38
463	1.64
464	1.59
465	1.42
466	1.33
467	2.08
468	3.15
469	3.36
470	3.38
471	3.43
472	4.52
473	4.43
474	3.75
475	3.84
476	3.47
477	2.51
478	2.10
479	1.76
480	1.41
481	1.29
482	1.20
483	1.03
484	0.890
485	0.990
486	1.83
487	2.12
488	2.96
489	3.74
490	3.67
491	3.44
492	3.95
493	4.27
494	3.64
495	3.62
496	1.91
497	2.83
498	3.33
499	3.37
500	2.88
501	2.79
502	2.82
503	4.03
504	3.86
505	3.26
506	2.97
507	2.48
508	2.20
509	1.60
510	1.35
511	1.20
512	1.66
513	2.90
514	3.36
515	2.80
516	2.78
517	2.35
518	2.33
519	2.37
520	4.22
521	3.93
522	4.08
523	3.58
524	3.60
525	3.05
526	2.75
527	2.54
528	2.13
529	2.49
530	4.53
531	3.13
532	3.39
533	4.22
534	4.53
535	4.84
536	3.68
537	3.51
538	2.78
539	5.38
540	4.56
541	6.03
542	6.47
543	5.65
544	5.73
545	4.26
546	3.25
547	2.95
548	2.37
549	2.17
550	1.63
551	1.69
552	1.39
553	1.46
554	1.49
555	1.44
556	1.32
557	1.17
558	1.04
559	1.02
560	0.920
561	0.760
562	1
563	1.18
564	1.46
565	1.22
566	1.06
567	0.970
568	0.960
569	1.49
570	1.79
571	1.87
572	1.80
573	1.81
574	1.73
575	3.53
576	3.38
577	2.60
578	2.15
579	3.08
580	2.41
581	2.56
582	2
583	1.98
584	1.53
585	1.32
586	1.30
587	1.32
588	1.69
589	1.55
590	1.92
591	1.88
592	1.74
593	1.48
594	1.33
595	1.45
596	1.38
597	1.42
598	1.18
599	1.23
600	1.10
601	1.26
602	1.14
603	1.39
604	1.44
605	1.50
606	1.65
607	2.19
608	2.43
609	2.57
610	2.35
611	2.85
612	2.15
613	2.48
614	2.26
615	2.27
616	2.11
617	2.01
618	2.22
619	2.15
620	2.14
621	2.52
622	2.40
623	2.29
624	2.17
625	2
626	1.65
627	1.51
628	1.21
629	1.47
630	1.88
631	1.96
632	2.58
633	2.63
634	2.75
635	2.25
636	1.99
637	1.55
638	1.31
639	1.31
640	1.20
641	1.15
642	1.12
643	1.37
644	1.85
645	2.33
646	2.15
647	2.02
648	1.74
649	1.36
650	1.10
651	0.950
652	0.710
653	0.850
654	0.910
655	0.960
656	0.800
657	1.29
658	1.24
659	1.85
660	1.68
661	1.82
662	1.62
663	1.46
664	1.19
665	1.19
666	0.980
667	0.960
668	0.850
669	0.810
670	0.800
671	0.810
672	0.720
673	0.810
674	0.760
675	0.780
676	0.720
677	0.720
678	0.780
679	0.710
680	0.760
681	0.720
682	0.830
683	0.880
684	0.900
685	0.890
686	0.940
687	0.780
688	1.03
689	0.890
690	0.900
691	0.900
692	0.770
693	0.830
694	0.790
695	0.750
696	0.950
697	1.58
698	1.55
699	1.54
700	2.30
701	1.70
702	1.48
703	1.35
704	1.19
705	1.14
706	1.20
707	2.09
708	2.23
709	2.84
710	2.50
711	2.79
712	2.46
713	2.06
714	2.34
715	1.91
716	1.64
717	1.73
718	1.38
719	1.40
720	1.18
721	1.45
722	0.990
723	1.03
724	1.01
725	0.970
726	0.820
727	0.820
728	0.700
729	0.800
730	1.34
731	1.01
732	0.990
733	0.910
734	0.660
735	0.660
736	1.34
737	1.49
738	1.77
739	1.30
740	1.28
741	1.20
742	1.31
743	1.12
744	1.36
745	1.34
746	1.44
747	1.38
748	1.35
749	1.46
750	1.67
751	1.95
752	1.77
753	1.73
754	1.57
755	1.39
756	1.27
757	1.28
758	1.06
759	1.21
760	1.69
761	1.41
762	1.13
763	1.09
764	0.840
765	0.950
766	0.760
767	0.830
768	0.780
769	0.990
770	0.850
771	1.14
772	2.12
773	2.49
774	1.88
775	2.18
776	1.60
777	1.41
778	1.09
779	0.950
780	0.760
781	0.770
782	0.930
783	1.29
784	1.13
785	1.14
786	0.880
787	0.880
788	0.910
789	1.12
790	1.04
791	1.47
792	1.52
793	1.87
794	1.88
795	2.76
796	2.60
797	2.55
798	1.96
799	2
800	1.53
801	1.38
802	1.23
803	1.18
804	1.39
805	1.31
806	1.39
807	1.47
808	1.57
809	1.38
810	1.49
811	1.58
812	1.82
813	1.59
814	1.84
815	1.52
816	1.68
817	1.31
818	1.47
819	1.12
820	1.10
821	1.15
822	0.990
823	1.07
824	0.980
825	1.58
826	1.77
827	2.56
828	2.20
829	2.28
830	2.47
831	2.01
832	1.79
833	1.59
834	1.30
835	1.16
836	1.17
837	1.13
838	1.06
839	1.01
840	0.960
841	1.12
842	1.45
843	1.93
844	1.55
845	2.22
846	1.96
847	1.87
848	1.51
849	1.22
850	1.08
851	0.960
852	0.940
853	0.910
854	0.910
855	0.910
856	0.930
857	0.840
858	0.930
859	0.890
860	0.860
861	0.860
862	1.05
863	0.830
864	0.900
865	0.870
866	1.70
867	1.83
868	1.46
869	1.44
870	1.02
871	1
872	0.940
873	0.830
874	0.900
875	0.880
876	0.800
877	0.810
878	0.720
879	0.840
880	0.940
881	0.780
882	0.640
883	1.04
884	0.910
885	1.01
886	0.670
887	0.730
888	0.630
889	0.690
890	0.650
891	0.870
892	0.910
893	0.970
894	0.880
895	0.940
896	1.40
897	1.93
898	2.26
899	2.54
900	1.87
901	1.90
902	2.04
903	1.83
904	1.83
905	2.22
906	2.59
907	2.03
908	2.24
909	1.80
910	1.79
911	1.67
912	1.65
913	1.41
914	1.31
915	1.03
916	1
917	0.900
918	0.870
919	0.840
920	0.780
921	0.770
922	1.05
923	2.20
924	4.30
925	4.28
926	3.82
927	4.60
928	3.78
929	3.38
930	2.32
931	2.37
932	2.35
933	1.91
934	1.47
935	1.57
936	1.45
937	1.44
938	1.34
939	1.17
940	1.12
941	1.27
942	1.08
943	1.25
944	1.41
945	1.32
946	1.18
947	1.14
948	1.12
949	1.15
950	1.03
951	1.22
952	1.44
953	1.90
954	1.44
955	1.22
956	1.16
957	1.42
958	1.66
959	2.17
960	1.53
961	1.97
962	1.51
963	1.54
964	1.31
965	1.20
966	1.05
967	1.27
968	0.990
969	1.08
970	1.65
971	1.83
972	1.68
973	1.49
974	1.07
975	1.97
976	4.12
977	4.35
978	7.25
979	4.90
980	3.84
981	3.44
982	2.65
983	3.13
984	2.88
985	4.14
986	4.05
987	3.16
988	2.78
989	2.75
990	2.18
991	1.98
992	1.63
993	1.46
994	1.29
995	1.29
996	1.05
997	0.970
998	1.03
999	1.50
1000	2.04
1001	2.58
1002	3.09
1003	3.22
1004	3.89
1005	4.72
1006	4.54
1007	3.76
1008	2.93
1009	3.02
1010	3.75
1011	5.06
1012	3.99
1013	3.83
1014	2.76
1015	2.91
1016	2.73
1017	2.62
1018	2.78
1019	2.55
1020	2.40
1021	2.34
1022	1.92
1023	2.07
1024	2.53
1025	3.03
1026	3.20
1027	3.33
1028	3.44
1029	3.22
1030	2.68
1031	2.50
1032	2.59
1033	2.43
1034	2.16
1035	2.03
1036	1.53
1037	1.80
1038	1.79
1039	2.38
1040	2.40
1041	3.06
1042	2.63
1043	2.45
1044	2.20
1045	2.21
1046	3.46
1047	5.41
1048	3.83
1049	3.92
1050	2.53
1051	2.64
1052	2.41
1053	2.75
1054	2.98
1055	2.56
1056	2.79
1057	2.23
1058	2.44
1059	2.20
1060	1.57
1061	1.68
1062	1.29
1063	1.32
1064	1.09
1065	1.32
1066	1.24
1067	0.960
1068	0.900
1069	0.900
1070	0.880
1071	1.18
1072	1.08
1073	1.42
1074	1.26
1075	1.73
1076	1.63
1077	2.32
1078	2.82
1079	2.39
1080	2.37
1081	1.90
1082	1.85
1083	1.52
1084	2.13
1085	1.82
1086	1.35
1087	1.29
1088	1.29
1089	1.40
1090	1.18
1091	1.20
1092	1.49
1093	1.56
1094	1.64
1095	1.39
1096	1.33
1097	1.60
1098	1.83
1099	1.57
1100	1.34
1101	1.05
1102	1.01
1103	0.720
1104	1.17
1105	1.53
1106	1.97
1107	1.98
1108	1.59
1109	1.95
1110	1.48
1111	1.37
1112	1.33
1113	1.47
1114	1.90
1115	2.60
1116	1.98
1117	2.03
1118	1.86
1119	1.79
1120	1.58
1121	1.60
1122	1.59
1123	2.23
1124	2.20
1125	3
1126	2.70
1127	3.02
1128	2.75
1129	2.87
1130	2.19
1131	2.18
1132	2.64
1133	3.24
1134	5.52
1135	6.01
1136	5.76
1137	4.72
1138	4.60
1139	3.89
1140	3.61
1141	3.21
1142	4.09
1143	4.01
1144	4.12
1145	4.22
1146	3.45
1147	4.16
1148	3.31
1149	3.10
1150	4.83
1151	4.67
1152	3.46
1153	3.91
1154	2.88
1155	2.75
1156	2.70
1157	2.25
1158	2.16
1159	2.01
1160	1.90
1161	1.76
1162	1.71
1163	2.08
1164	2.28
1165	1.99
1166	1.62
1167	2.59
1168	4.12
1169	3.81
1170	5.18
1171	5.30
1172	4.59
1173	3.59
1174	3.03
1175	2.95
1176	2.65
1177	2.53
1178	2.03
1179	1.91
1180	1.60
1181	1.93
1182	3.90
1183	5.36
1184	4.47
1185	4.01
1186	3.21
1187	4.01
1188	4.78
1189	7.20
1190	6.56
1191	6.40
1192	6.23
1193	5.50
1194	4.30
1195	3.29
1196	2.35
1197	4.82
1198	5.40
1199	5.15
1200	4.82
1201	4.29
1202	3.79
1203	3.80
1204	2.77
1205	2.83
1206	2.24
1207	1.97
1208	1.52
1209	1.85
1210	1.41
1211	1.69
1212	1.48
1213	1.86
1214	2.80
1215	2.67
1216	3.65
1217	3.08
1218	2.49
1219	1.74
1220	1.52
1221	1.38
1222	1.09
1223	1.45
1224	1.94
1225	1.58
1226	1.74
1227	1.77
1228	2.91
1229	3.09
1230	3.59
1231	3.51
1232	3.84
1233	2.74
1234	2.60
1235	2.41
1236	2.44
1237	2.03
1238	2.02
1239	1.51
1240	1.27
1241	0.900
1242	0.860
1243	0.880
1244	1.16
1245	1.61
1246	2.36
1247	2.81
1248	2.33
1249	2.25
1250	1.94
1251	1.56
1252	1.30
1253	1.16
1254	3.09
1255	4.50
1256	6.37
1257	4.20
1258	3.82
1259	3.76
1260	4.15
1261	3.59
1262	2.61
1263	2.61
1264	2.27
1265	2.56
1266	2.74
1267	2.90
1268	2.70
1269	2.68
1270	2.64
1271	2.61
1272	2.48
1273	2.59
1274	2.56
1275	2.16
1276	2.08
1277	3.96
1278	3.59
1279	2.84
1280	2.75
1281	2.40
1282	2
1283	2.14
1284	2.20
1285	1.87
1286	1.52
1287	1.40
1288	1.16
1289	1.02
1290	1.23
1291	1.15
1292	1.28
1293	2.90
1294	3.68
1295	3.04
1296	3.55
1297	3.44
1298	3.05
1299	4.61
1300	4.34
1301	3.90
1302	3.55
1303	2.91
1304	2.79
1305	3.52
1306	2.77
1307	2.85
1308	3.61
1309	3.23
1310	2.94
1311	2.65
1312	2.53
1313	2.89
1314	3.31
1315	3.10
1316	3.73
1317	4.02
1318	5.31
1319	5.81
1320	5.32
1321	5.39
1322	4.04
1323	3.52
1324	2.85
1325	3.44
1326	4.12
1327	3.64
1328	4.09
1329	3.48
1330	3.37
1331	3.92
1332	7.60
1333	6.70
1334	5.99
1335	6.10
1336	4.44
1337	3.79
1338	3.74
1339	4.04
1340	3.54
1341	3.97
1342	5.17
1343	3.84
1344	2.95
1345	2.28
1346	4.02
1347	4.44
1348	3.50
1349	3.82
1350	3.98
1351	3.39
1352	3.65
1353	4.41
1354	3.32
1355	3.78
1356	3.87
1357	3.68
1358	3.68
1359	3.29
1360	3.21
1361	2.61
1362	2.75
1363	2.09
1364	2.31
1365	2.22
1366	2.29
1367	2.27
1368	2.44
1369	2.82
1370	2.36
1371	2.91
1372	5.52
1373	4.36
1374	7.79
1375	6.60
1376	6.11
1377	5.72
1378	5.51
1379	6.30
1380	4.58
1381	3.89
1382	3.86
1383	2.77
1384	2.82
1385	2.35
1386	3.73
1387	4.56
1388	3.55
1389	2.82
1390	2.34
1391	3.74
1392	2.68
1393	2.02
1394	1.83
1395	1.33
1396	1.60
1397	1.94
1398	2.05
1399	2.28
1400	2.17
1401	2.63
1402	2.33
1403	2.53
1404	2.18
1405	1.89
1406	1.88
1407	1.73
1408	1.89
1409	1.88
1410	2.06
1411	1.64
1412	2.60
1413	2.49
1414	3.15
1415	3.89
1416	4.38
1417	4.49
1418	4.31
1419	4.41
1420	4.38
1421	6.08
1422	4.17
1423	3.80
1424	3.62
1425	3.54
1426	2.90
1427	2.89
1428	2.37
1429	2.14
1430	2.31
1431	2.35
1432	4.56
1433	7.36
1434	6.73
1435	8.87
1436	9.04
1437	6.29
1438	3.90
1439	3.14
1440	2.14
1441	2.66
1442	2.53
1443	4.40
1444	7.53
1445	8.17
1446	9.05
1447	6.16
1448	5.28
1449	3.72
1450	4.26
1451	3.33
1452	3.18
1453	3.26
1454	3.58
1455	2.68
1456	2.75
1457	2.51
1458	2.38
1459	2.42
1460	2.52
1461	2.41
1462	2.94
1463	3.21
1464	2.14
1465	2.49
1466	2.48
1467	2.61
1468	2.54
1469	2.44
1470	2.02
1471	3.82
1472	4.50
1473	3.57
1474	2.83
1475	2.90
1476	2.34
1477	1.80
1478	1.80
1479	2.63
1480	2.26
1481	3.07
1482	3.83
1483	5.59
1484	5.55
1485	4.47
1486	3.81
1487	2.88
1488	2.39
1489	1.90
1490	1.38
1491	1.46
1492	1.68
1493	1.91
1494	2.39
1495	2.29
1496	2.45
1497	3.55
1498	2.90
1499	4.81
1500	5.75
1501	4.89
1502	4.05
1503	3.12
1504	3.79
1505	3.48
1506	3.55
1507	2.61
1508	2.65
1509	2.65
1510	3.22
1511	4.08
1512	4.10
1513	3.65
1514	3.32
1515	3.37
1516	3.05
1517	3.07
1518	3.73
1519	3.99
1520	4.61
1521	5.39
1522	5.42
1523	5.72
1524	5.03
1525	5.86
1526	5.80
1527	5.14
1528	7.53
1529	5.32
1530	5.23
1531	4.42
1532	4.59
1533	4.16
1534	3.75
1535	4.21
1536	3.90
1537	3.67
1538	4.12
1539	3.43
1540	3.89
1541	3.08
1542	2.60
1543	2.15
1544	2.03
1545	1.84
1546	1.74
1547	1.68
1548	2
1549	2.64
1550	2.88
1551	2.76
1552	2.81
1553	2.82
1554	2.90
1555	2.70
1556	2.48
1557	2.93
1558	3.21
1559	3.71
1560	3.39
1561	2.66
1562	2.54
1563	2.26
1564	2.04
1565	1.77
1566	1.73
1567	1.91
1568	2.01
1569	2.60
1570	2.83
1571	3.41
1572	3.89
1573	3.17
1574	3
1575	2.58
1576	2.52
1577	2.41
1578	3.07
1579	3.22
1580	3.41
1581	2.89
1582	3.62
1583	5.11
1584	6.53
1585	7.09
1586	6.79
1587	5.68
1588	3.84
1589	2.70
1590	2.40
1591	2.89
1592	3.03
1593	5.13
1594	4.38
1595	3.33
1596	3.28
1597	2.66
1598	2.66
1599	2.52
1600	3.24
1601	3.05
1602	2.02
1603	3.66
1604	4.02
1605	4.97
1606	4.56
1607	3.73
1608	3.30
1609	3.41
1610	3.35
1611	3.50
1612	2.48
1613	2.59
1614	2.32
1615	2.54
1616	2.39
1617	3.68
1618	4.46
1619	5.20
1620	5.19
1621	5.26
1622	3.81
1623	2.90
1624	2.15
1625	1.50
1626	1.43
1627	2.44
1628	3.16
1629	3.31
1630	3.01
1631	2.82
1632	2.81
1633	3.64
1634	5.21
1635	5.17
1636	4.52
1637	3.41
1638	2.58
1639	2.59
1640	4.33
1641	3.77
1642	3.62
1643	3.27
1644	5.07
1645	4.13
1646	3.40
1647	2.92
1648	3.07
1649	3.85
1650	3.52
1651	2.97
1652	3
1653	3.20
1654	3.98
1655	3.97
1656	2.87
1657	2.31
1658	2.42
1659	2.20
1660	2.34
1661	2.13
1662	2.18
1663	1.73
1664	1.96
1665	2.42
1666	2.22
1667	2.16
1668	3.72
1669	3.74
1670	4.61
1671	4.77
1672	4.72
1673	3.50
1674	3.10
1675	2.39
1676	1.73
1677	1.78
1678	1.50
1679	1.62
1680	2.23
1681	1.64
1682	1.67
1683	1.57
1684	1.51
1685	1.86
1686	1.59
1687	1.52
1688	2.08
1689	2.30
1690	2.69
1691	5.32
1692	5.90
1693	5.18
1694	6.35
1695	5.33
1696	4.40
1697	2.95
1698	2.16
1699	1.63
1700	1.24
1701	1.63
1702	2.37
1703	5.54
1704	6.95
1705	6.96
1706	5.03
1707	3.88
1708	2.45
1709	2.58
1710	1.96
1711	1.93
1712	1.33
1713	1.61
1714	1.46
1715	1.36
1716	1.30
1717	1.62
1718	2.22
1719	2.19
1720	2.14
1721	2.15
1722	2.07
1723	2.65
1724	6.32
1725	6.72
1726	6.16
1727	4.55
1728	3.83
1729	2.98
1730	2.24
1731	1.72
1732	1.21
1733	1.62
1734	1.99
1735	2.66
1736	2.51
1737	2.54
1738	2.16
1739	1.94
1740	1.91
1741	2.13
1742	1.99
1743	2.21
1744	1.83
1745	1.66
1746	1.69
1747	1.69
1748	1.62
1749	2.72
1750	3.44
1751	2.93
1752	2.71
1753	2.04
1754	2.91
1755	3.37
1756	2.74
1757	3.67
1758	4.15
1759	4.08
1760	3.53
1761	4.17
1762	3.43
1763	3.35
1764	3.09
1765	2.94
1766	3.62
1767	2.84
1768	2.26
1769	1.73
1770	1.48
1771	1.38
1772	1.30
1773	1.59
1774	1.59
1775	2.08
1776	2.36
1777	2.29
1778	2.49
1779	2.84
1780	3.78
1781	3.94
1782	3.77
1783	3.49
1784	2.69
1785	2.25
1786	2.01
1787	1.71
1788	1.72
1789	3.20
1790	4.62
1791	3.62
1792	3.32
1793	7.09
1794	7.11
1795	8.01
1796	5.21
1797	4.37
1798	2.60
1799	3.28
1800	2.67
1801	2.93
1802	5.52
1803	8.59
1804	8.06
1805	7.32
1806	6.69
1807	6.67
1808	5.46
1809	4.62
1810	3.82
1811	3.27
1812	2.85
1813	2.46
1814	2.52
1815	3.80
1816	4.11
1817	3.83
1818	4.49
1819	6.56
1820	6.10
1821	6.30
1822	5.16
1823	3.66
1824	3.26
1825	2.49
1826	3.05
1827	2.74
1828	2.21
1829	2.27
1830	2.93
1831	3.05
1832	3.09
1833	2.65
1834	2.33
1835	2.94
1836	4.36
1837	3.35
1838	3.71
1839	4.17
1840	4.52
1841	3.85
1842	3.29
1843	2.67
1844	1.95
1845	1.59
1846	1.30
1847	1.42
1848	1.44
1849	1.89
1850	1.99
1851	2.23
1852	1.87
1853	1.71
1854	1.56
1855	1.60
1856	1.55
1857	1.57
1858	1.92
1859	1.84
1860	1.37
1861	2.65
1862	2.91
1863	2.53
1864	2.49
1865	2.12
1866	3.07
1867	3.41
1868	3.41
1869	3.22
1870	3.53
1871	3.48
1872	3.05
1873	2.75
1874	2.45
1875	2.21
1876	1.92
1877	2.08
1878	1.95
1879	2.38
1880	3.24
1881	4.65
1882	4.91
1883	3.57
1884	3.72
1885	3.13
1886	2.69
1887	2.28
1888	2.64
1889	3.14
1890	3.58
1891	2.81
1892	2.57
1893	1.91
1894	1.39
1895	1.39
1896	1.58
1897	1.47
1898	1.32
1899	1.24
1900	1.16
1901	1.21
1902	1.13
1903	1.08
1904	1.15
1905	1.19
1906	1.17
1907	1.24
1908	1.77
1909	1.82
1910	1.90
1911	2.30
1912	1.76
1913	1.66
1914	1.23
1915	1.90
1916	2.13
1917	2.87
1918	2.69
1919	2.80
1920	2.24
1921	2.04
1922	1.82
1923	1.64
1924	1.45
1925	1.63
1926	1.96
1927	1.85
1928	1.99
1929	1.89
1930	2.09
1931	2.37
1932	2.21
1933	2.40
1934	2.07
1935	2.34
1936	2.03
1937	1.59
1938	1.37
1939	1.77
1940	1.90
1941	2.41
1942	2.28
1943	2.39
1944	2.40
1945	2.33
1946	2.33
1947	2.54
1948	2.57
1949	2.41
1950	3.11
1951	2.82
1952	2.92
1953	2.76
1954	2.51
1955	2.67
1956	2.58
1957	3.34
1958	2.88
1959	2.14
1960	2.01
1961	1.88
1962	1.62
1963	1.54
1964	1.61
1965	1.51
1966	1.28
1967	1.21
1968	1.19
1969	1.50
1970	1.54
1971	1.58
1972	1.60
1973	1.34
1974	1.15
1975	1.04
1976	1.08
1977	1.06
1978	1.21
1979	1.09
1980	0.960
1981	0.830
1982	0.880
1983	0.740
1984	0.720
1985	0.700
1986	0.910
1987	1.11
1988	1.27
1989	1.01
1990	0.870
1991	0.890
1992	0.830
1993	0.640
1994	0.600
1995	0.610
1996	0.650
1997	0.940
1998	1.13
1999	1.71
2000	1.51
2001	1.46
2002	1.57
2003	1.40
2004	2.04
2005	2.08
2006	1.77
2007	1.90
2008	1.77
2009	1.76
2010	1.78
2011	1.50
2012	1.16
2013	0.980
2014	0.910
2015	0.860
2016	0.650
2017	0.710
2018	0.650
2019	0.880
2020	0.960
2021	1.22
2022	1.42
2023	1.58
2024	1.48
2025	1.19
2026	1
2027	1.02
2028	0.930
2029	0.800
2030	0.680
2031	1.10
2032	2.93
2033	3.25
2034	2.47
2035	2.31
2036	2
2037	2.15
2038	1.73
2039	1.93
2040	1.67
2041	1.57
2042	1.21
2043	1.33
2044	1.29
2045	1.23
2046	1.29
2047	1.11
2048	1.14
2049	0.970
2050	0.880
2051	0.890
2052	0.760
2053	1
2054	1.02
2055	1.17
2056	0.930
2057	0.830
2058	0.860
2059	0.830
2060	0.620
2061	0.680
2062	0.950
2063	0.790
2064	0.840
2065	0.820
2066	1.03
2067	0.950
2068	1.07
2069	1.64
2070	1.98
2071	2.61
2072	2.81
2073	3.31
2074	2.60
2075	2.88
2076	2.56
2077	2.15
2078	1.99
2079	1.66
2080	1.44
2081	1.22
2082	1.36
2083	1.85
2084	2.30
2085	2.17
2086	1.69
2087	1.41
2088	1.31
2089	1.58
2090	1.91
2091	2.04
2092	2.05
2093	1.83
2094	1.66
2095	1.68
2096	1.63
2097	1.47
2098	1.32
2099	1.08
2100	0.980
2101	1.02
2102	1.12
2103	1.20
2104	1.31
2105	1.53
2106	1.32
2107	1.11
2108	0.920
2109	0.680
2110	0.730
2111	0.950
2112	1.53
2113	1.40
2114	1.43
2115	1.77
2116	1.98
2117	2.41
2118	2.14
2119	1.70
2120	1.52
2121	1.21
2122	1.04
2123	1.12
2124	1.10
2125	1.14
2126	0.930
2127	0.900
2128	0.960
2129	0.850
2130	0.820
2131	0.780
2132	0.780
2133	1
2134	1.67
2135	1.14
2136	1.96
2137	2.53
2138	2.36
2139	2.49
2140	2.16
2141	2.15
2142	1.91
2143	2.05
2144	1.93
2145	2.06
2146	1.57
2147	1.73
2148	1.56
2149	1.79
2150	1.56
2151	1.83
2152	2.22
2153	2.14
2154	2.04
2155	1.87
2156	1.76
2157	2.05
2158	1.93
2159	1.82
2160	1.68
2161	1.38
2162	1.29
2163	1.16
2164	1.12
2165	1.03
2166	1.15
2167	1.19
2168	1.21
2169	1.29
2170	1.08
2171	0.990
2172	1.08
2173	1.22
2174	2.17
2175	2.18
2176	3.20
2177	2.59
2178	2.08
2179	1.57
2180	1.81
2181	1.71
2182	1.62
2183	1.82
2184	1.45
2185	1.60
2186	1.06
2187	1.25
2188	0.930
2189	1.01
2190	0.820
2191	0.660
2192	1.05
2193	1.73
2194	1.92
2195	1.71
2196	1.26
2197	1.42
2198	1.35
2199	1.49
2200	1.58
2201	1.38
2202	1.22
2203	1.11
2204	1.08
2205	0.870
2206	1.09
2207	1.14
2208	1.39
2209	1.52
2210	1.27
2211	1.64
2212	1.56
2213	1.63
2214	1.52
2215	1.56
2216	1.71
2217	1.80
2218	1.64
2219	1.60
2220	1.55
2221	1.29
2222	1.20
2223	1.10
2224	1.21
2225	0.880
2226	0.950
2227	0.930
2228	1.04
2229	0.810
2230	0.900
2231	0.660
2232	0.780
2233	0.790
2234	0.840
2235	0.960
2236	0.800
2237	1.03
2238	0.900
2239	1.04
2240	0.960
2241	0.980
2242	0.750
2243	0.830
2244	0.800
2245	0.690
2246	0.670
2247	0.680
2248	0.720
2249	0.750
2250	0.760
2251	0.800
2252	0.930
2253	0.900
2254	0.910
2255	0.990
2256	0.800
2257	0.840
2258	0.710
2259	1.48
2260	1.63
2261	1.49
2262	1.32
2263	1.15
2264	1.11
2265	1.25
2266	1.13
2267	1.77
2268	2.21
2269	2.35
2270	1.97
2271	2.69
2272	3.76
2273	4.27
2274	3.65
2275	3.80
2276	4.16
2277	4.60
2278	3.83
2279	3.61
2280	2.97
2281	2.65
2282	2.49
2283	1.80
2284	1.99
2285	1.48
2286	1.54
2287	1.55
2288	2.21
2289	3.85
2290	3.18
2291	3.34
2292	2.60
2293	2.44
2294	2.19
2295	2.03
2296	1.97
2297	1.84
2298	1.80
2299	1.76
2300	1.73
2301	2.01
2302	2.48
2303	2.50
2304	2.27
2305	2.04
2306	1.84
2307	1.79
2308	1.76
2309	1.92
2310	2.43
2311	2.64
2312	1.76
2313	1.49
2314	1.24
2315	1.15
2316	0.920
2317	0.840
2318	0.740
2319	0.780
2320	0.890
2321	1.01
2322	1.46
2323	1.90
2324	2.17
2325	1.80
2326	1.42
2327	1.25
2328	1.73
2329	1.82
2330	1.57
2331	1.83
2332	1.54
2333	1.34
2334	1.61
2335	1.36
2336	1.29
2337	1.18
2338	0.970
2339	0.890
2340	0.920
2341	1.22
2342	1.09
2343	1.14
2344	1.12
2345	1.19
2346	1.21
2347	1.16
2348	1.06
2349	1.06
2350	0.850
2351	0.990
2352	0.930
2353	0.940
2354	0.880
2355	1.02
2356	1.16
2357	1.23
2358	1.10
2359	1.18
2360	0.980
2361	1.01
2362	0.900
2363	1.11
2364	0.990
2365	1.25
2366	1.19
2367	1.23
2368	1.13
2369	1.40
2370	2.07
2371	2.86
2372	2.96
2373	2.48
2374	2.51
2375	2.81
2376	2.98
2377	2.71
2378	2.60
2379	2.48
2380	2.01
2381	1.97
2382	1.94
2383	1.86
2384	1.78
2385	2.05
2386	1.64
2387	1.46
2388	1.19
2389	1.66
2390	2.87
2391	3.89
2392	3.21
2393	2.50
2394	1.96
2395	2.02
2396	1.82
2397	1.55
2398	1.67
2399	1.64
2400	1.93
2401	1.70
2402	1.78
2403	1.37
2404	1.05
2405	0.980
2406	0.890
2407	1.54
2408	2.22
2409	2.30
2410	1.97
2411	1.83
2412	1.77
2413	1.56
2414	1.46
2415	1.22
2416	1.43
2417	2.81
2418	3.24
2419	3.05
2420	3.27
2421	4.34
2422	3.74
2423	3.90
2424	3.65
2425	3.32
2426	2.66
2427	2.89
2428	2.38
2429	2.33
2430	1.90
2431	2.35
2432	1.98
2433	1.75
2434	1.58
2435	1.52
2436	1.30
2437	1.11
2438	1.35
2439	1.31
2440	1.20
2441	1.21
2442	1.12
2443	1.08
2444	1.69
2445	2.05
2446	2.03
2447	2.27
2448	2.51
2449	3.28
2450	3.34
2451	2.89
2452	3.04
2453	2.74
2454	2.16
2455	1.73
2456	1.51
2457	1.34
2458	1.22
2459	1.09
2460	0.890
2461	0.940
2462	0.960
2463	0.970
2464	1.34
2465	1.85
2466	2.73
2467	2.17
2468	2.37
2469	1.99
2470	1.99
2471	1.71
2472	2.04
2473	1.88
2474	2.78
2475	4.35
2476	3.64
2477	3.31
2478	4.14
2479	3.89
2480	3.53
2481	3.06
2482	3.19
2483	2.80
2484	2.49
2485	1.98
2486	1.86
2487	1.85
2488	1.55
2489	1.68
2490	1.54
2491	1.92
2492	2.48
2493	2.38
2494	2.62
2495	2.70
2496	3.12
2497	2.91
2498	3.79
2499	3.58
2500	4.73
2501	3.75
2502	3.88
2503	3.01
2504	2.88
2505	2.38
2506	2.51
2507	2.02
2508	1.99
2509	1.83
2510	1.67
2511	1.70
2512	1.86
2513	1.60
2514	2.34
2515	4.14
2516	6.84
2517	6.50
2518	5.68
2519	5.03
2520	4.45
2521	2.39
2522	2.23
2523	2.02
2524	1.88
2525	1.77
2526	1.80
2527	1.92
2528	1.53
2529	1.14
2530	1.16
2531	2.86
2532	3.07
2533	3.58
2534	3.66
2535	3.82
2536	3.29
2537	6.38
2538	6.09
2539	5.88
2540	4.32
2541	3.19
2542	2.80
2543	3.07
2544	2.52
2545	2.56
2546	3.08
2547	2.54
2548	2.18
2549	2.06
2550	1.58
2551	2.64
2552	2.73
2553	2.89
2554	2.54
2555	2.81
2556	3.56
2557	3.49
2558	3.83
2559	4.35
2560	3.24
2561	3.65
2562	2.56
2563	2.05
2564	1.44
2565	1.32
2566	2.50
2567	3.25
2568	2.19
2569	1.80
2570	1.64
2571	1.35
2572	1.38
2573	1.29
2574	1.30
2575	1.26
2576	1.60
2577	1.93
2578	1.82
2579	1.58
2580	1.57
2581	1.23
2582	1.79
2583	2.12
2584	2.66
2585	2.88
2586	3.10
2587	3.35
2588	3.49
2589	3.63
2590	3.05
2591	3.53
2592	3.34
2593	4.39
2594	5.24
2595	5.49
2596	5.28
2597	4.75
2598	4.16
2599	3.30
2600	2.72
2601	2.82
2602	3.05
2603	2.99
2604	2.27
2605	2.03
2606	1.51
2607	1.78
2608	1.54
2609	1.51
2610	1.60
2611	2.08
2612	2.15
2613	2.57
2614	2.09
2615	3.15
2616	3.36
2617	2.69
2618	2.07
2619	2.65
2620	2.71
2621	2.02
2622	2.03
2623	1.63
2624	1.45
2625	1.69
2626	1.42
2627	1.41
2628	1.54
2629	1.12
2630	1.03
2631	0.970
2632	1.11
2633	1.27
2634	1.92
2635	2.77
2636	4.49
2637	6.37
2638	6.67
2639	6.07
2640	5.40
2641	4.85
2642	3.35
2643	3.34
2644	3.30
2645	2.95
2646	5.63
2647	6.97
2648	5.87
2649	6.29
2650	5.08
2651	4.50
2652	4.36
2653	2.98
2654	2.59
2655	2.44
2656	2.61
2657	3.56
2658	4.18
2659	4.97
2660	4.43
2661	4.12
2662	4.41
2663	4.27
2664	3.58
2665	2.88
2666	2.08
2667	1.52
2668	2.78
2669	3.89
2670	4.15
2671	3.87
2672	3.99
2673	4.09
2674	2.87
2675	2.50
2676	1.93
2677	1.58
2678	1.74
2679	2.59
2680	2.51
2681	2.71
2682	1.98
2683	1.76
2684	1.57
2685	1.98
2686	1.75
2687	1.61
2688	1.71
2689	1.78
2690	1.53
2691	1.44
2692	1.46
2693	2.09
2694	3
2695	3.43
2696	3.53
2697	5.41
2698	5
2699	5.04
2700	4.87
2701	5.93
2702	6.58
2703	6.15
2704	6.35
2705	5.49
2706	5.47
2707	4.13
2708	4.34
2709	3.97
2710	3.80
2711	3.68
2712	2.86
2713	3.02
2714	3.13
2715	4.07
2716	4.59
2717	4.56
2718	3.94
2719	3.52
2720	3.47
2721	4.95
2722	2.82
2723	2.49
2724	2.30
2725	2.52
2726	2.35
2727	4
2728	5.96
2729	6.01
2730	4.83
2731	4.83
2732	4.83
2733	4.89
2734	3.53
2735	6.76
2736	6.25
2737	6.44
2738	4.65
2739	4.40
2740	3.14
2741	2.82
2742	2.65
2743	2.97
2744	4.20
2745	3.38
2746	3.60
2747	2.69
2748	2.64
2749	2.47
2750	2.10
2751	1.96
2752	1.84
2753	2.86
2754	2.21
2755	3.54
2756	2.46
2757	2.28
2758	2.16
2759	1.85
2760	1.56
2761	2.04
2762	2.24
2763	2.82
2764	2.50
2765	2.63
2766	2.98
2767	2.52
2768	2.49
2769	4.98
2770	6.82
2771	5.49
2772	5.66
2773	4.94
2774	4.16
2775	3.51
2776	3.18
2777	3.53
2778	4.80
2779	4.96
2780	4.16
2781	5.25
2782	4.64
2783	2.82
2784	2.48
2785	3.76
2786	4.43
2787	4.82
2788	5.64
2789	5.28
2790	4.36
2791	4.97
2792	3.72
2793	6.27
2794	5.46
2795	5.63
2796	5.92
2797	4.97
2798	4.72
2799	3.32
2800	5.28
2801	7.61
2802	9.55
2803	7.56
2804	6.45
2805	5.50
2806	3.84
2807	4.49
2808	3.88
2809	3.79
2810	4.41
2811	3.20
2812	3.24
2813	2.71
2814	2.50
2815	2.32
2816	2.50
2817	3.24
2818	4.08
2819	5.98
2820	5.89
2821	5.56
2822	4.80
2823	4.56
2824	4.27
2825	4.07
2826	3.87
2827	4.18
2828	4.61
2829	5.43
2830	4.34
2831	3.48
2832	2.95
2833	2.68
2834	2.85
2835	2.73
2836	2.83
2837	2.33
2838	2.21
2839	2.28
2840	1.90
2841	2.04
2842	1.95
2843	1.94
2844	2.03
2845	2.03
2846	1.84
2847	1.64
2848	1.76
2849	2.16
2850	1.97
2851	1.78
2852	1.78
2853	1.44
2854	1.17
2855	1.11
2856	1
2857	0.910
2858	1.91
2859	3.16
2860	4.63
2861	3.93
2862	2.80
2863	2.74
2864	2.97
2865	3.40
2866	3.40
2867	3.15
2868	3.20
2869	3.21
2870	3.29
2871	3.91
2872	5.56
2873	5.07
2874	4.31
2875	3.15
2876	3.61
2877	4.58
2878	3.83
2879	3.24
2880	3.39
2881	3.39
2882	4.40
2883	5.26
2884	5.92
2885	6.33
2886	6.18
2887	5.96
2888	5.81
2889	4.47
2890	4.01
2891	3.35
2892	4.16
2893	3.81
2894	3.47
2895	3.69
2896	3.67
2897	3.31
2898	3.77
2899	3.87
2900	3.97
2901	3.53
2902	3.68
2903	3.44
2904	3.43
2905	3.52
2906	3.10
2907	3.10
2908	2.93
2909	2.56
2910	2.47
2911	2.83
2912	3.17
2913	3.82
2914	4.26
2915	4.50
2916	3.90
2917	4.24
2918	3.39
2919	2.98
2920	2.97
2921	2.47
2922	2.14
2923	2.09
2924	2.15
2925	2.03
2926	1.77
2927	1.65
2928	1.90
2929	2.45
2930	2.17
2931	2.16
2932	1.74
2933	1.69
2934	1.61
2935	1.85
2936	2.06
2937	2.42
2938	2.36
2939	2.36
2940	3.10
2941	3.30
2942	4.03
2943	4.33
2944	4.50
2945	4.20
2946	4.40
2947	4.83
2948	3.50
2949	3.72
2950	3.38
2951	3.68
2952	3.33
2953	3.44
2954	3.68
2955	3.07
2956	2.78
2957	3.38
2958	3.46
2959	3.40
2960	2.60
2961	2.63
2962	2.67
2963	3.42
2964	4.53
2965	3.93
2966	3.55
2967	3.89
2968	4.01
2969	3.76
2970	3.90
2971	3.61
2972	3.54
2973	3.22
2974	2.99
2975	2.96
2976	2.57
2977	2.50
2978	2.05
2979	2.37
2980	2.05
2981	2.18
2982	1.88
2983	1.74
2984	1.76
2985	2.12
2986	1.90
2987	2.03
2988	2.25
2989	4.15
2990	4.11
2991	4.08
2992	3.94
2993	4.13
2994	3.70
2995	3.90
2996	3.57
2997	3.54
2998	2.76
2999	2.66
3000	2.23
3001	2.31
3002	2.16
3003	2.52
3004	2.37
3005	2.10
3006	1.71
3007	1.61
3008	2.73
3009	3.08
3010	2.97
3011	3.63
3012	3.13
3013	3.09
3014	2.24
3015	2.12
3016	1.85
3017	1.65
3018	1.42
3019	1.47
3020	2.97
3021	3.72
3022	2.83
3023	2.74
3024	3.08
3025	4.16
3026	4.07
3027	3.35
3028	3.69
3029	3.19
3030	3.09
3031	2.58
3032	4.22
3033	5.57
3034	5.75
3035	5.63
3036	4.69
3037	4.47
3038	3.22
3039	3.25
3040	2.72
3041	2.44
3042	2.19
3043	2.55
3044	2.58
3045	2.38
3046	1.85
3047	2.13
3048	1.81
3049	1.78
3050	1.66
3051	1.50
3052	1.79
3053	1.61
3054	1.62
3055	1.72
3056	1.95
3057	1.91
3058	1.97
3059	1.64
3060	1.62
3061	1.29
3062	1.25
3063	1.32
3064	1.41
3065	1.38
3066	1.23
3067	1.44
3068	1.58
3069	2.33
3070	3.45
3071	3.98
3072	4.10
3073	3.36
3074	2.84
3075	2.37
3076	1.89
3077	2.24
3078	2.46
3079	2.62
3080	2.14
3081	2.60
3082	5.22
3083	8.02
3084	7.02
3085	5.69
3086	5
3087	4.53
3088	3.72
3089	3.68
3090	4.24
3091	3.85
3092	4.73
3093	5.30
3094	5.46
3095	4.18
3096	4.72
3097	4.14
3098	2.97
3099	3.11
3100	3.54
3101	4.84
3102	4.81
3103	6.01
3104	4.86
3105	4.16
3106	4.21
3107	3.99
3108	3.07
3109	2.72
3110	2.70
3111	4.27
3112	4.42
3113	3.64
3114	2.68
3115	2.71
3116	3.45
3117	3.71
3118	3.54
3119	4.29
3120	4.97
3121	4.92
3122	5.15
3123	5.09
3124	4.30
3125	3.24
3126	3.23
3127	2.84
3128	2.99
3129	2.63
3130	2.36
3131	2.51
3132	2.04
3133	2.07
3134	2.02
3135	2.32
3136	2.38
3137	2.18
3138	2.48
3139	2.84
3140	2.95
3141	2.87
3142	3.08
3143	2.76
3144	2.61
3145	2.57
3146	2.21
3147	1.80
3148	1.78
3149	1.73
3150	1.70
3151	1.75
3152	1.95
3153	2.04
3154	1.56
3155	1.51
3156	1.28
3157	3.02
3158	4.27
3159	5.52
3160	5.50
3161	5.16
3162	4.36
3163	4.24
3164	3.25
3165	2.96
3166	2.71
3167	3.14
3168	3.48
3169	3.25
3170	3.59
3171	3.49
3172	4.78
3173	6.57
3174	6.11
3175	4.61
3176	5.16
3177	4.08
3178	3.45
3179	5.45
3180	5.71
3181	9.23
3182	8.41
3183	6.20
3184	7.30
3185	6.13
3186	4.81
3187	3.89
3188	3.69
3189	3.94
3190	4.74
3191	5.50
3192	4.97
3193	5.76
3194	7.40
3195	7.50
3196	7.38
3197	6.22
3198	4.94
3199	3.81
3200	3.75
3201	2.87
3202	2.89
3203	2.11
3204	2.79
3205	3.80
3206	3.57
3207	3.34
3208	2.72
3209	2.24
3210	2.01
3211	3.81
3212	4.95
3213	5.79
3214	4.51
3215	5.13
3216	3.96
3217	4.45
3218	3.61
3219	3.32
3220	3.53
3221	2.83
3222	2.88
3223	2.45
3224	2.11
3225	2.08
3226	1.89
3227	1.89
3228	1.48
3229	1.30
3230	1.65
3231	2.39
3232	3.78
3233	3.56
3234	3.47
3235	2.95
3236	3.13
3237	2.85
3238	2.93
3239	2.87
3240	2.46
3241	1.92
3242	1.81
3243	1.67
3244	1.62
3245	1.49
3246	1.54
3247	1.33
3248	1.14
3249	1.42
3250	2.18
3251	2.77
3252	2.56
3253	2.90
3254	2.78
3255	2.37
3256	2.24
3257	1.92
3258	1.70
3259	1.74
3260	1.52
3261	1.96
3262	2.17
3263	2.94
3264	4.47
3265	4.32
3266	4.16
3267	4.20
3268	3.46
3269	4.01
3270	3.34
3271	2.83
3272	2.47
3273	3.79
3274	3.26
3275	3.88
3276	4.59
3277	3.86
3278	4.05
3279	4.63
3280	4.73
3281	5.25
3282	5.75
3283	3.90
3284	2.97
3285	2.44
3286	3.18
3287	3.12
3288	4.91
3289	5.89
3290	5.53
3291	6.22
3292	6.43
3293	5.82
3294	4.37
3295	3.46
3296	2.49
3297	2.75
3298	3.91
3299	2.72
3300	2.49
3301	2.17
3302	1.86
3303	1.88
3304	2.41
3305	2.39
3306	2.74
3307	3.62
3308	3.28
3309	2.80
3310	2.84
3311	2.42
3312	2.84
3313	2.82
3314	3.32
3315	3.08
3316	2.47
3317	2.40
3318	2
3319	1.63
3320	1.75
3321	1.43
3322	2.12
3323	2.51
3324	2.12
3325	2.31
3326	1.71
3327	2.87
3328	2.89
3329	3.07
3330	2.95
3331	2.44
3332	2.41
3333	2.50
3334	3.15
3335	3.34
3336	3.98
3337	3.96
3338	3.77
3339	3.66
3340	3.80
3341	2.82
3342	2.59
3343	1.78
3344	1.85
3345	1.52
3346	1.44
3347	1.35
3348	1.79
3349	2.44
3350	2.59
3351	2.80
3352	3.33
3353	4.32
3354	5.62
3355	5.87
3356	5.35
3357	4.29
3358	4.51
3359	3.93
3360	4.21
3361	3.03
3362	3.54
3363	2.62
3364	2.43
3365	2.08
3366	1.96
3367	2.16
3368	2.25
3369	3.83
3370	4.76
3371	3.81
3372	3.08
3373	2.75
3374	2.14
3375	1.76
3376	1.67
3377	2.59
3378	2.21
3379	2.34
3380	1.73
3381	1.83
3382	2.35
3383	3.11
3384	4.54
3385	4.63
3386	4.98
3387	4.85
3388	3.92
3389	4.14
3390	3.86
3391	3.84
3392	3.37
3393	2.64
3394	2.92
3395	1.96
3396	1.77
3397	1.87
3398	2.27
3399	2.23
3400	2.22
3401	1.96
3402	1.68
3403	1.54
3404	1.80
3405	1.72
3406	1.76
3407	1.80
3408	2.22
3409	2.36
3410	2.43
3411	2.29
3412	2.25
3413	2.79
3414	3
3415	3.12
3416	3.23
3417	2.85
3418	2.28
3419	1.92
3420	1.92
3421	1.69
3422	1.52
3423	1.16
3424	1.20
3425	1.01
3426	0.960
3427	0.940
3428	1.26
3429	1.23
3430	1.45
3431	1.48
3432	1.49
3433	1.35
3434	1.36
3435	1.20
3436	1.52
3437	1.78
3438	1.62
3439	1.26
3440	1.32
3441	1.07
3442	1.15
3443	0.960
3444	1.34
3445	2.62
3446	5.32
3447	5.37
3448	4.58
3449	4.42
3450	3.85
3451	3.48
3452	2.88
3453	3.40
3454	3.53
3455	2.80
3456	2.62
3457	2.82
3458	3
3459	3.25
3460	2.89
3461	2.93
3462	4.49
3463	3.70
3464	3.07
3465	2.38
3466	2.19
3467	2.36
3468	2.78
3469	3.15
3470	3.63
3471	3.76
3472	3.56
3473	2.51
3474	2.49
3475	1.85
3476	2.02
3477	1.58
3478	1.80
3479	1.31
3480	1.31
3481	1.68
3482	1.86
3483	2.02
3484	2.26
3485	1.68
3486	1.58
3487	1.18
3488	1.28
3489	1.47
3490	1.75
3491	1.55
3492	1.64
3493	1.34
3494	1.20
3495	0.920
3496	1.56
3497	1.81
3498	1.96
3499	1.67
3500	1.45
3501	1.27
3502	1.24
3503	1.74
3504	1.93
3505	1.99
3506	1.75
3507	1.73
3508	1.42
3509	1.93
3510	1.57
3511	1.54
3512	1.20
3513	1.23
3514	1.05
3515	1.33
3516	1.55
3517	2.47
3518	2.68
3519	2.46
3520	2.32
3521	2.18
3522	1.83
3523	1.66
3524	1.60
3525	1.74
3526	1.66
3527	1.55
3528	1.50
3529	1.62
3530	1.51
3531	1.85
3532	2.19
3533	1.91
3534	1.60
3535	1.60
3536	1.91
3537	2.84
3538	2.43
3539	2.94
3540	2.38
3541	2.25
3542	2.17
3543	2.61
3544	2.69
3545	3.41
3546	3.66
3547	3.40
3548	3.58
3549	2.83
3550	2.57
3551	2.03
3552	1.56
3553	1.31
3554	1.15
3555	1.42
3556	1.19
3557	1.10
3558	0.940
3559	0.920
3560	0.840
3561	0.740
3562	0.770
3563	0.670
3564	0.690
3565	0.640
3566	0.650
3567	0.590
3568	0.590
3569	1.07
3570	1.77
3571	3.95
3572	5.22
3573	3.19
3574	5.16
3575	3.37
3576	3.43
3577	2.90
3578	2.68
3579	2.15
3580	1.94
3581	1.95
3582	1.82
3583	1.56
3584	1.75
3585	1.79
3586	2.68
3587	2.65
3588	3.81
3589	2.78
3590	2.83
3591	2.44
3592	2.35
3593	2.08
3594	2.29
3595	1.93
3596	2.39
3597	1.86
3598	2.42
3599	1.61
3600	1.68
3601	1.47
3602	1.16
3603	1.32
3604	2.17
3605	2.45
3606	1.71
3607	1.58
3608	1.26
3609	1.31
3610	1
3611	1.03
3612	0.930
3613	0.930
3614	0.920
3615	1.03
3616	1.74
3617	1.60
3618	1.65
3619	1.86
3620	1.58
3621	1.34
3622	1.27
3623	1.16
3624	1.14
3625	1.09
3626	1.28
3627	1.34
3628	1.40
3629	1.98
3630	1.60
3631	1.47
3632	1.41
3633	1.10
3634	1.43
3635	1.22
3636	1.44
3637	1.22
3638	1.22
3639	1.11
3640	1.09
3641	1.01
3642	1.20
3643	1.23
3644	1.28
3645	1.20
3646	0.950
3647	0.910
3648	0.930
3649	0.910
3650	1.01
3651	1
3652	0.920
3653	1.53
3654	1.23
3655	1.35
3656	1.46
3657	1.62
3658	1.59
3659	1.41
3660	1.83
3661	2.54
3662	2.33
3663	2.42
3664	1.87
3665	1.88
3666	2.23
3667	2.16
3668	2.51
3669	2.76
3670	2.36
3671	2.09
3672	1.80
3673	1.61
3674	1.52
3675	1.66
3676	1.87
3677	3.21
3678	2.84
3679	3.25
3680	2.26
3681	1.96
3682	2.28
3683	2.57
3684	2.12
3685	1.77
3686	1.54
3687	1.80
3688	2.12
3689	2.99
3690	2.99
3691	4.21
3692	3.81
3693	3.15
3694	3.19
3695	2.67
3696	2.55
3697	1.88
3698	1.76
3699	1.66
3700	2.72
3701	3
3702	3.18
3703	2.23
3704	2.28
3705	1.72
3706	1.91
3707	1.73
3708	1.66
3709	1.45
3710	1.32
3711	1.21
3712	1.01
3713	0.960
3714	0.740
3715	0.820
3716	0.600
3717	0.690
3718	0.580
3719	1.01
3720	1.28
3721	1.23
3722	0.970
3723	1.10
3724	1.40
3725	1.80
3726	1.24
3727	1.71
3728	1.59
3729	1.99
3730	2.57
3731	2.57
3732	2.25
3733	2.21
3734	2.01
3735	1.63
3736	1.29
3737	1.14
3738	1.08
3739	1.36
3740	1.76
3741	2.24
3742	2.74
3743	2.61
3744	2.80
3745	2.64
3746	2.07
3747	1.87
3748	1.81
3749	1.80
3750	2.10
3751	1.49
3752	1.55
3753	1.17
3754	1.22
3755	1.16
3756	1.19
3757	1.09
3758	0.930
3759	0.790
3760	0.710
3761	0.670
3762	0.650
3763	0.600
3764	0.620
3765	0.680
3766	0.690
3767	0.670
3768	1.03
3769	1.54
3770	1.44
3771	1.49
3772	1.48
3773	1.58
3774	1.75
3775	2.12
3776	1.78
3777	1.58
3778	1.22
3779	1.25
3780	1.09
3781	1.12
3782	0.970
3783	1.03
3784	1.01
3785	1.01
3786	1.02
3787	1.39
3788	1.77
3789	2.19
3790	1.77
3791	1.82
3792	1.21
3793	1.34
3794	0.990
3795	1.23
3796	1.11
3797	1.27
3798	1.38
3799	1.60
3800	2.08
3801	1.97
3802	1.79
3803	1.74
3804	1.63
3805	1.78
3806	2.06
3807	2.64
3808	2.71
3809	2.75
3810	2.41
3811	2.29
3812	2.33
3813	2.24
3814	1.86
3815	1.74
3816	1.63
3817	1.31
3818	1.20
3819	1.08
3820	1.14
3821	1.29
3822	1.22
3823	1.24
3824	1.52
3825	1.76
3826	1.32
3827	1.99
3828	1.82
3829	2.68
3830	2.65
3831	4.01
3832	3.74
3833	3.11
3834	2.91
3835	2.36
3836	2.14
3837	2.21
3838	2.32
3839	2.38
3840	2.48
3841	3.17
3842	3.28
3843	3.02
3844	2.67
3845	2.98
3846	2.57
3847	2.51
3848	2.01
3849	2.01
3850	1.59
3851	1.69
3852	1.31
3853	1.41
3854	1.14
3855	0.860
3856	0.810
3857	0.870
3858	1.22
3859	1.44
3860	1.08
3861	1.18
3862	1.39
3863	1.61
3864	1.87
3865	1.91
3866	2.27
3867	1.87
3868	1.30
3869	1.36
3870	1.17
3871	1.16
3872	1.11
3873	0.940
3874	1.20
3875	1.32
3876	1.31
3877	1.06
3878	0.890
3879	0.870
3880	0.960
3881	1
3882	0.950
3883	1.25
3884	1.52
3885	1.43
3886	1.67
3887	1.65
3888	1.70
3889	1.50
3890	1.63
3891	1.63
3892	1.98
3893	1.71
3894	2.05
3895	1.99
3896	1.88
3897	1.50
3898	1.60
3899	1.42
3900	1.36
3901	1.16
3902	1.17
3903	1.22
3904	1.21
3905	1.21
3906	1.24
3907	1.93
3908	2.07
3909	1.94
3910	1.83
3911	1.94
3912	2.25
3913	2.61
3914	2.64
3915	3.05
3916	3.47
3917	3.44
3918	3.17
3919	2.36
3920	2.35
3921	2.29
3922	1.74
3923	1.67
3924	1.57
3925	2.31
3926	2.45
3927	2.47
3928	2.28
3929	2.25
3930	2.72
3931	2.64
3932	2.99
3933	2.34
3934	2.92
3935	2.20
3936	1.83
3937	1.25
3938	1.21
3939	0.890
3940	0.770
3941	0.680
3942	0.590
3943	0.600
3944	0.610
3945	0.700
3946	0.570
3947	0.780
3948	0.590
3949	0.680
3950	0.600
3951	0.580
3952	0.640
3953	0.460
3954	0.690
3955	0.900
3956	0.860
3957	0.830
3958	1.26
3959	0.910
3960	1.18
3961	1.02
3962	1.22
3963	1.25
3964	1.05
3965	0.970
3966	0.980
3967	1.56
3968	1.38
3969	1.34
3970	1.31
3971	1.34
3972	1.13
3973	1.22
3974	1.09
3975	1.04
3976	1.08
3977	1.24
3978	1.44
3979	1.42
3980	1.36
3981	1.71
3982	1.48
3983	1.56
3984	1.61
3985	1.34
3986	1.37
3987	1.84
3988	2.08
3989	2.22
3990	2.59
3991	2.97
3992	3.55
3993	5.77
3994	6.03
3995	4.91
3996	3.63
3997	2.88
3998	2.22
3999	2.43
4000	2.09
4001	2.31
4002	2.28
4003	2.75
4004	2.38
4005	2.82
4006	2.23
4007	2.27
4008	2.45
4009	3.08
4010	3.43
4011	4.23
4012	4.08
4013	4.09
4014	4.52
4015	3.87
4016	3.27
4017	2.47
4018	2.88
4019	4.36
4020	7.08
4021	5.75
4022	2.382
4023	4.71
4024	3.32
4025	2.94
4026	3.38
4027	4.22
4028	3.54
4029	3.52
4030	2.99
4031	2.26
4032	2.61
4033	2.04
4034	2.04
4035	3.35
4036	4.40
4037	4.33
4038	3.31
4039	2.85
4040	2.34
4041	2.53
4042	1.94
4043	1.60
4044	1.78
4045	2.30
4046	1.88
4047	2.27
4048	1.88
4049	1.38
4050	1.15
4051	1.26
4052	1.37
4053	2.22
4054	2.53
4055	2.43
4056	2.07
4057	1.57
4058	1.53
4059	1.19
4060	1.55
4061	2.13
4062	2.23
4063	2.49
4064	2.82
4065	3.06
4066	4.06
4067	2.84
4068	2.48
4069	2.52
4070	2.62
4071	1.99
4072	2.15
4073	2.04
4074	2.25
4075	1.45
4076	1.74
4077	1.80
4078	1.90
4079	2.04
4080	3.07
4081	2.84
4082	2.30
4083	2.75
4084	2.25
4085	2.34
4086	3.94
4087	3.71
4088	4.44
4089	4.56
4090	4.18
4091	3.26
4092	3.41
4093	2.80
4094	2.75
4095	2.38
4096	1.94
4097	1.85
4098	1.92
4099	3.23
4100	2.64
4101	3.02
4102	2.82
4103	2.23
4104	2.42
4105	2.30
4106	2.02
4107	2.04
4108	2.05
4109	1.99
4110	2.08
4111	1.94
4112	1.77
4113	2.60
4114	2.47
4115	2.56
4116	4.05
4117	3.08
4118	2.96
4119	2.60
4120	1.96
4121	2.13
4122	1.50
4123	1.71
4124	1.64
4125	2.57
4126	4.29
4127	3.49
4128	2.67
4129	2.72
4130	2.75
4131	3.55
4132	3.62
4133	3.19
4134	3.51
4135	3.36
4136	2.98
4137	2.49
4138	3.19
4139	6.38
4140	5.59
4141	7.37
4142	6.25
4143	4.80
4144	4.29
4145	3.62
4146	4.41
4147	3.03
4148	2.85
4149	2.38
4150	2.48
4151	2.29
4152	3.52
4153	4.81
4154	7.17
4155	5.53
4156	4.43
4157	3.89
4158	2.56
4159	2.21
4160	3.05
4161	3.70
4162	3.40
4163	4.87
4164	4.90
4165	5.79
4166	4.73
4167	6.05
4168	5.29
4169	4.56
4170	3.19
4171	2.45
4172	1.70
4173	1.41
4174	2.23
4175	3.95
4176	3.57
4177	2.68
4178	2.54
4179	3.34
4180	5.67
4181	6.37
4182	7.93
4183	7.02
4184	4.41
4185	4.17
4186	3.47
4187	2.79
4188	3.57
4189	3.16
4190	3.32
4191	3.16
4192	2.80
4193	2.62
4194	2.47
4195	2.13
4196	2.63
4197	2.66
4198	2.26
4199	2.16
4200	2.99
4201	3.65
4202	4.39
4203	4.16
4204	5.04
4205	4.17
4206	4.55
4207	3.34
4208	3.80
4209	4.18
4210	3.50
4211	3.24
4212	2.66
4213	2.20
4214	1.82
4215	2.12
4216	1.74
4217	1.96
4218	1.84
4219	1.98
4220	2.41
4221	2.38
4222	1.94
4223	2.36
4224	2.34
4225	2.51
4226	2.25
4227	1.92
4228	1.84
4229	1.75
4230	1.67
4231	2.09
4232	2.46
4233	3.07
4234	3.07
4235	4.07
4236	5.02
4237	6.11
4238	4.55
4239	4.32
4240	3.71
4241	4.97
4242	5.55
4243	5.71
4244	4.81
4245	3.63
4246	2.73
4247	2.46
4248	2.30
4249	1.51
4250	1.68
4251	1.13
4252	2.01
4253	3.44
4254	4.41
4255	4.41
4256	5.52
4257	5.51
4258	6.64
4259	5.52
4260	4.30
4261	4.10
4262	3.35
4263	3.26
4264	2.51
4265	2.21
4266	1.58
4267	1.31
4268	2.65
4269	3.40
4270	2.47
4271	2.20
4272	4.09
4273	5.03
4274	4.24
4275	3.61
4276	3.33
4277	3.11
4278	3
4279	2.72
4280	2.29
4281	2.43
4282	1.83
4283	2.53
4284	3.38
4285	3.49
4286	3.01
4287	3.17
4288	2.79
4289	2.71
4290	2.16
4291	2.53
4292	1.82
4293	2.59
4294	2.67
4295	3.66
4296	2.41
4297	2.40
4298	2.59
4299	2.01
4300	3.25
4301	1.74
4302	1.71
4303	1.59
4304	1.70
4305	1.45
4306	1.35
4307	1.80
4308	1.51
4309	1.68
4310	2.48
4311	2.56
4312	2.64
4313	2.80
4314	3.12
4315	3.74
4316	4.83
4317	6
4318	5.19
4319	4.46
4320	3.27
4321	3.27
4322	3.19
4323	2.90
4324	3.18
4325	3.08
4326	3.41
4327	2.87
4328	2.57
4329	3.39
4330	2.48
4331	2.82
4332	2.05
4333	2.58
4334	2.77
4335	2.80
4336	2.52
4337	1.79
4338	2.11
4339	3.48
4340	4.94
4341	5.43
4342	4.63
4343	3.15
4344	2.21
4345	3.10
4346	2.71
4347	2.75
4348	3.58
4349	3.06
4350	3.45
4351	3.05
4352	3.29
4353	3.78
4354	3.57
4355	2.68
4356	2.33
4357	2.08
4358	2.11
4359	1.97
4360	2.07
4361	2.34
4362	2.77
4363	2.60
4364	2.31
4365	2.04
4366	2.51
4367	3.748
4368	3.61
4369	3.06
4370	5.74
4371	5.34
4372	4.99
4373	2.63
4374	2.21
4375	1.73
4376	1.86
4377	3.79
4378	4.09
4379	3.61
4380	3.98
4381	3.54
4382	3.51
4383	2.76
4384	2.97
4385	2.66
4386	3
4387	3.54
4388	4.45
4389	4.42
4390	4.27
4391	4.54
4392	5.15
4393	6.15
4394	4.09
4395	4.02
4396	3.73
4397	3.73
4398	3.62
4399	4.31
4400	5.94
4401	7.48
4402	4.84
4403	4.50
4404	3.59
4405	3.93
4406	3.37
4407	2.96
4408	3.04
4409	3.23
4410	2.13
4411	1.87
4412	1.63
4413	2.02
4414	2.97
4415	2.83
4416	2.24
4417	2.77
4418	2.75
4419	2.11
4420	1.56
4421	1.38
4422	1.37
4423	1.66
4424	1.46
4425	1.43
4426	1.55
4427	1.61
4428	1.51
4429	2
4430	1.46
4431	2.24
4432	3.22
4433	3.52
4434	3.37
4435	2.74
4436	2.82
4437	3.05
4438	4.45
4439	5.17
4440	4.69
4441	4.53
4442	3.64
4443	3.59
4444	4.31
4445	3.77
4446	2.79
4447	2.78
4448	2.43
4449	3.05
4450	3.64
4451	3.92
4452	3.39
4453	3.64
4454	2.60
4455	2.26
4456	2.25
4457	1.76
4458	2.10
4459	3.26
4460	3.99
4461	4.61
4462	4.65
4463	4.14
4464	3.38
4465	3.42
4466	4.01
4467	4.51
4468	3.94
4469	4.07
4470	4.34
4471	4.28
4472	4.57
4473	3.38
4474	3.06
4475	5.28
4476	5.54
4477	4.93
4478	4.38
4479	3.51
4480	4.23
4481	4.15
4482	6.47
4483	4.98
4484	4.17
4485	3.37
4486	2.95
4487	2.60
4488	4.51
4489	4.07
4490	3
4491	2.64
4492	2.24
4493	2.30
4494	4.27
4495	4.23
4496	6.29
4497	4.49
4498	4.43
4499	3.62
4500	3.41
4501	3.17
4502	3.88
4503	4.05
4504	4.38
4505	3.66
4506	3.13
4507	3.18
4508	2.92
4509	2.59
4510	3.77
4511	3.92
4512	3.92
4513	4.43
4514	4.22
4515	3.91
4516	3.26
4517	3.03
4518	3.38
4519	3.66
4520	3.40
4521	3.73
4522	4.99
4523	3.38
4524	3.44
4525	2.31
4526	2.27
4527	3.16
4528	5.12
4529	4.38
4530	3
4531	2.70
4532	2.68
4533	2.83
4534	2.33
4535	2.12
4536	2.19
4537	2.24
4538	4.06
4539	5.53
4540	4.40
4541	4.57
4542	5.12
4543	5.59
4544	4.13
4545	3.14
4546	2.38
4547	3.478
4548	1.87
4549	2.05
4550	2.34
4551	4.74
4552	5.08
4553	4.79
4554	4.84
4555	4.44
4556	3.54
4557	3.27
4558	2.87
4559	3.88
4560	5.20
4561	5
4562	4.89
4563	4.63
4564	4.72
4565	4.90
4566	4.12
4567	3.77
4568	2.98
4569	2.65
4570	2.04
4571	2.77
4572	5.04
4573	5.79
4574	4.90
4575	3.75
4576	2.50
4577	2.27
4578	2.28
4579	2.51
4580	2.05
4581	2.13
4582	1.86
4583	3.38
4584	4.33
4585	5.29
4586	5.50
4587	4.88
4588	3.84
4589	3.73
4590	4.01
4591	3.93
4592	3.96
4593	4.11
4594	3.53
4595	3.15
4596	2.79
4597	2.54
4598	2.27
4599	2.10
4600	1.69
4601	1.43
4602	1.31
4603	1.14
4604	1.42
4605	2.968
4606	2.82
4607	4.12
4608	4.95
4609	4.75
4610	5.01
4611	6.53
4612	6.56
4613	6.06
4614	6.56
4615	5.32
4616	4.56
4617	4.95
4618	4.27
4619	4.09
4620	3.15
4621	3.40
4622	3.24
4623	2.27
4624	2.34
4625	1.96
4626	2.25
4627	2.09
4628	1.84
4629	1.48
4630	1.50
4631	1.63
4632	1.61
4633	2.04
4634	2.60
4635	2.95
4636	3.02
4637	3.90
4638	4.54
4639	5.98
4640	5.11
4641	4.38
4642	3.63
4643	4.75
4644	3.90
4645	3.48
4646	3.04
4647	2.60
4648	2.43
4649	2.88
4650	4.16
4651	4.23
4652	4.42
4653	4.72
4654	3.65
4655	3.13
4656	2.98
4657	2.29
4658	2.33
4659	2.29
4660	2.12
4661	2.53
4662	1.84
4663	1.75
4664	1.82
4665	2.18
4666	2.80
4667	2.56
4668	2.62
4669	2.26
4670	2.20
4671	2.16
4672	2.70
4673	2.63
4674	2.37
4675	2.33
4676	2.03
4677	2.42
4678	2.60
4679	2.55
4680	2.91
4681	2.76
4682	3.15
4683	3.38
4684	3.15
4685	2.25
4686	2.23
4687	2.01
4688	1.88
4689	1.98
4690	2.04
4691	2.13
4692	1.99
4693	1.75
4694	1.37
4695	1.82
4696	2.63
4697	2.51
4698	2.81
4699	2.87
4700	2.77
4701	3.15
4702	4.35
4703	3.71
4704	3
4705	2.93
4706	2.32
4707	2.01
4708	1.77
4709	1.63
4710	2.03
4711	2.15
4712	1.66
4713	1.82
4714	1.88
4715	1.99
4716	1.92
4717	1.75
4718	1.70
4719	1.95
4720	1.88
4721	1.73
4722	1.57
4723	1.49
4724	1.49
4725	1.19
4726	1.37
4727	2.08
4728	2.30
4729	1.58
4730	1.59
4731	1.34
4732	1.47
4733	1.18
4734	2.15
4735	2.74
4736	2.25
4737	1.98
4738	1.62
4739	1.84
4740	2.45
4741	3.45
4742	4.18
4743	3.12
4744	3.31
4745	3.02
4746	2.90
4747	2.36
4748	2.18
4749	2.08
4750	1.94
4751	2.57
4752	3.70
4753	5.76
4754	5.46
4755	5.95
4756	5.15
4757	5.29
4758	5.77
4759	4.58
4760	3.53
4761	3.94
4762	3.12
4763	3.94
4764	3.24
4765	4.56
4766	4.37
4767	4.66
4768	3.48
4769	2.90
4770	2.05
4771	3.80
4772	4.38
4773	5.20
4774	4.96
4775	4.99
4776	4.95
4777	5.58
4778	4.13
4779	3.87
4780	4.14
4781	3.68
4782	3.27
4783	3.72
4784	2.90
4785	2.30
4786	1.94
4787	1.80
4788	1.84
4789	2.29
4790	2.65
4791	2.40
4792	2.53
4793	2.29
4794	1.69
4795	1.97
4796	1.78
4797	1.89
4798	1.62
4799	1.61
4800	1.15
4801	0.980
4802	1.22
4803	0.990
4804	0.810
4805	0.670
4806	0.710
4807	0.940
4808	1.17
4809	1.13
4810	1.36
4811	1.64
4812	1.71
4813	1.75
4814	1.87
4815	1.81
4816	2.05
4817	2.08
4818	1.91
4819	1.46
4820	1.09
4821	1.25
4822	1.25
4823	1.73
4824	1.94
4825	1.84
4826	1.52
4827	1.83
4828	1.72
4829	2.34
4830	3.78
4831	3.62
4832	3.84
4833	4.29
4834	5.45
4835	4.69
4836	3.83
4837	4.02
4838	3.75
4839	3.22
4840	3.47
4841	2.76
4842	2.79
4843	1.98
4844	2.09
4845	1.88
4846	2.13
4847	2.03
4848	1.84
4849	1.57
4850	1.55
4851	1.18
4852	1.18
4853	1.28
4854	1.55
4855	1.50
4856	2.37
4857	2.74
4858	3.25
4859	2.89
4860	2.87
4861	2.52
4862	2.52
4863	2.22
4864	1.94
4865	1.69
4866	1.49
4867	1.46
4868	2.02
4869	2.28
4870	3.07
4871	2.78
4872	2.64
4873	1.85
4874	1.88
4875	1.61
4876	1.62
4877	2.08
4878	2.03
4879	2.13
4880	1.71
4881	1.63
4882	1.65
4883	1.76
4884	1.86
4885	2.05
4886	1.61
4887	1.66
4888	1.50
4889	1.76
4890	1.37
4891	1.82
4892	1.45
4893	1.47
4894	1.32
4895	1.20
4896	1.16
4897	1.07
4898	1.07
4899	1.19
4900	1.21
4901	1.28
4902	1.52
4903	1.57
4904	2.14
4905	3.11
4906	4.50
4907	4.09
4908	3.27
4909	2.96
4910	2.21
4911	1.48
4912	1.34
4913	1.07
4914	1.06
4915	1.24
4916	1.02
4917	0.980
4918	1.05
4919	1.46
4920	1.71
4921	2
4922	2.69
4923	2.63
4924	2.57
4925	2.32
4926	2.39
4927	2.49
4928	2.73
4929	3.03
4930	2.71
4931	2.99
4932	2.82
4933	2.84
4934	2.07
4935	1.99
4936	1.73
4937	2.17
4938	2.42
4939	2.35
4940	2.19
4941	2.55
4942	2.44
4943	2.90
4944	2.61
4945	2.70
4946	2.62
4947	2.85
4948	2.73
4949	2.91
4950	2.57
4951	2.19
4952	2.17
4953	2.65
4954	2.43
4955	2.33
4956	2.30
4957	2.21
4958	2.55
4959	2.94
4960	2.85
4961	1.682
4962	2.98
4963	3.14
4964	2.87
4965	2.57
4966	2.35
4967	2.49
4968	2.90
4969	2.42
4970	2.58
4971	2.03
4972	1.80
4973	1.70
4974	1.38
4975	1.21
4976	1.40
4977	1.38
4978	1.89
4979	2.20
4980	2.19
4981	2.74
4982	2.28
4983	1.95
4984	1.77
4985	1.68
4986	1.33
4987	1.47
4988	2.21
4989	2.84
4990	2.25
4991	1.86
4992	2.06
4993	2.41
4994	1.99
4995	2.05
4996	1.96
4997	1.76
4998	1.75
4999	2.55
5000	3.62
5001	2.70
5002	2.99
5003	3.29
5004	2.71
5005	2.84
5006	2.52
5007	2.66
5008	2.25
5009	2.09
5010	1.55
5011	1.59
5012	1.45
5013	1.96
5014	3.68
5015	3.09
5016	2.73
5017	2.49
5018	2.61
5019	2.02
5020	2
5021	1.54
5022	1.41
5023	1.26
5024	1.08
5025	1.09
5026	1.11
5027	0.860
5028	1.10
5029	1.39
5030	1.91
5031	1.74
5032	1.78
5033	1.49
5034	1.45
5035	1.43
5036	1.24
5037	1.35
5038	1.37
5039	1.26
5040	1.39
5041	1.60
5042	1.33
5043	1.36
5044	1.45
5045	1.85
5046	1.73
5047	1.41
5048	1.38
5049	1.32
5050	1.36
5051	1.72
5052	2.43
5053	2.26
5054	2.10
5055	1.94
5056	1.72
5057	1.56
5058	1.47
5059	1.41
5060	1.26
5061	1.39
5062	1.40
5063	1.43
5064	1.47
5065	1.39
5066	1.48
5067	1.20
5068	1.26
5069	1.10
5070	0.980
5071	0.960
5072	0.800
5073	0.880
5074	0.750
5075	0.860
5076	0.780
5077	1.24
5078	1.21
5079	1.10
5080	0.840
5081	1.03
5082	0.730
5083	0.780
5084	0.650
5085	0.680
5086	0.820
5087	1.02
5088	1.22
5089	1.28
5090	1.51
5091	1.42
5092	1.23
5093	1.24
5094	0.990
5095	1.01
5096	1.09
5097	1.75
5098	1.69
5099	1.86
5100	2.48
5101	3.27
5102	3.19
5103	2.84
5104	3.04
5105	2.77
5106	2.59
5107	2.78
5108	1.93
5109	1.95
5110	1.39
5111	1.03
5112	1.32
5113	1.28
5114	1.59
5115	1.54
5116	1.67
5117	1.51
5118	1.32
5119	1.19
5120	1.04
5121	1.01
5122	0.980
5123	0.800
5124	0.730
5125	1.04
5126	1.89
5127	3.15
5128	2.65
5129	1.68
5130	1.46
5131	1.41
5132	1.04
5133	1.33
5134	1.27
5135	1.37
5136	1.33
5137	1.62
5138	2.26
5139	2.91
5140	2.68
5141	2.21
5142	2.34
5143	1.83
5144	1.73
5145	1.47
5146	1.27
5147	1.42
5148	1.31
5149	1.35
5150	1.21
5151	1.16
5152	0.940
5153	0.930
5154	1.21
5155	1.38
5156	1.97
5157	2.27
5158	2.40
5159	2.35
5160	2.12
5161	2.18
5162	2.19
5163	2.13
5164	2.69
5165	2.90
5166	2.77
5167	2.74
5168	2.49
5169	2.07
5170	1.57
5171	1.36
5172	1.08
5173	1.41
5174	1.64
5175	1.47
5176	1.42
5177	1.25
5178	1.30
5179	1.92
5180	1.70
5181	2.02
5182	1.97
5183	2.06
5184	1.74
5185	1.39
5186	1.23
5187	1.45
5188	1.32
5189	1.55
5190	1.07
5191	1.32
5192	1.94
5193	1.99
5194	1.76
5195	1.44
5196	1.64
5197	2.24
5198	2.10
5199	2.14
5200	1.79
5201	1.39
5202	1.80
5203	1.96
5204	2.85
5205	2.81
5206	2.59
5207	2.80
5208	2.85
5209	2.72
5210	2.36
5211	1.97
5212	1.60
5213	1.35
5214	1.54
5215	1.97
5216	2.03
5217	1.80
5218	1.69
5219	1.70
5220	1.61
5221	1.61
5222	1.51
5223	1.24
5224	1.27
5225	1.11
5226	1.16
5227	1.15
5228	1.13
5229	1.40
5230	1.79
5231	1.99
5232	1.73
5233	1.63
5234	1.42
5235	1.59
5236	1.76
5237	2.22
5238	2.21
5239	2.35
5240	2.60
5241	3.75
5242	3.06
5243	2.74
5244	2.47
5245	2.37
5246	2.07
5247	2.62
5248	2.33
5249	2.17
5250	2.46
5251	2.48
5252	2.27
5253	1.93
5254	1.60
5255	1.50
5256	1.25
5257	1.25
5258	1.27
5259	1.49
5260	1.14
5261	1.05
5262	0.830
5263	1.01
5264	0.960
5265	1.15
5266	1.30
5267	1.45
5268	1.27
5269	1.26
5270	1.05
5271	1.07
5272	1.12
5273	0.770
5274	1.23
5275	1.54
5276	1.69
5277	1.63
5278	1.72
5279	1.59
5280	1.22
5281	1.18
5282	0.910
5283	1.19
5284	0.880
5285	0.880
5286	0.890
5287	0.760
5288	0.860
5289	1.01
5290	1.05
5291	1.84
5292	1.48
5293	2.45
5294	2.34
5295	2.58
5296	1.60
5297	1.66
5298	1.45
5299	1.47
5300	1.18
5301	0.960
5302	0.820
5303	0.790
5304	1.06
5305	1.07
5306	1.34
5307	1.23
5308	2.19
5309	2.71
5310	3.20
5311	3.03
5312	2.53
5313	2.04
5314	2.09
5315	1.89
5316	2.04
5317	2.07
5318	2.22
5319	1.82
5320	1.92
5321	1.92
5322	2.07
5323	1.86
5324	2.38
5325	2.90
5326	2.94
5327	2.60
5328	1.89
5329	1.67
5330	1.74
5331	2.49
5332	4.67
5333	4.86
5334	3.52
5335	3.02
5336	2.79
5337	2.48
5338	2.45
5339	1.95
5340	1.95
5341	2.04
5342	1.74
5343	2.96
5344	2.66
5345	2.48
5346	2.22
5347	2.15
5348	1.45
5349	1.32
5350	1.05
5351	1.19
5352	1.19
5353	1.50
5354	1.76
5355	1.32
5356	1.59
5357	2.30
5358	2.86
5359	3.18
5360	2.60
5361	1.86
5362	2.43
5363	3.36
5364	5.59
5365	4.73
5366	3.92
5367	3.15
5368	2.93
5369	2.33
5370	2.06
5371	1.85
5372	1.84
5373	2.03
5374	2.32
5375	2.50
5376	2.73
5377	3.38
5378	4.47
5379	4.83
5380	5.11
5381	3.88
5382	3.62
5383	3.05
5384	3.04
5385	3.34
5386	2.57
5387	2.43
5388	2.19
5389	1.83
5390	1.60
5391	1.30
5392	1.35
5393	1.52
5394	1.37
5395	1.21
5396	1.11
5397	1.05
5398	0.910
5399	1.29
5400	2.09
5401	3.66
5402	3.01
5403	2.79
5404	2.77
5405	2.75
5406	3.01
5407	2.45
5408	2.85
5409	3.18
5410	2.52
5411	2.44
5412	2.38
5413	3
5414	2.60
5415	3.37
5416	4
5417	3.40
5418	3.53
5419	3.45
5420	2.59
5421	3.25
5422	2.21
5423	2.24
5424	1.62
5425	1.74
5426	1.33
5427	1.31
5428	1.22
5429	1.18
5430	2.73
5431	3.86
5432	4.56
5433	3.57
5434	4.03
5435	5.18
5436	4.50
5437	4.19
5438	3.94
5439	3.42
5440	2.74
5441	2.96
5442	2.61
5443	2.86
5444	2.61
5445	2.38
5446	1.85
5447	1.99
5448	1.44
5449	1.72
5450	2.08
5451	2.12
5452	2.05
5453	2.02
5454	1.94
5455	1.79
5456	1.55
5457	1.44
5458	1.29
5459	1.13
5460	0.910
5461	0.810
5462	1.02
5463	1.52
5464	2.46
5465	2.09
5466	1.70
5467	1.45
5468	1.31
5469	1.49
5470	1.83
5471	1.70
5472	1.90
5473	1.74
5474	1.95
5475	1.49
5476	2.68
5477	3.32
5478	3.40
5479	3.17
5480	2.98
5481	2.39
5482	2.74
5483	2.46
5484	2.68
5485	2.25
5486	2.46
5487	1.93
5488	1.83
5489	1.69
5490	1.63
5491	1.85
5492	2.25
5493	2.30
5494	1.88
5495	2.15
5496	1.81
5497	2.36
5498	2.41
5499	2.97
5500	3.67
5501	4.01
5502	3.78
5503	4.08
5504	3.43
5505	2.64
5506	2.05
5507	1.94
5508	1.48
5509	1.49
5510	1.25
5511	1.38
5512	1.37
5513	1.66
5514	2.68
5515	4
5516	3.65
5517	3.79
5518	3.71
5519	3.29
5520	3.26
5521	2.34
5522	2.49
5523	2.57
5524	2.31
5525	2.65
5526	2.17
5527	1.87
5528	1.70
5529	1.40
5530	1.59
5531	1.76
5532	3.92
5533	3.36
5534	4.39
5535	3.84
5536	4.18
5537	3.92
5538	2.92
5539	2.49
5540	2.47
5541	1.87
5542	1.64
5543	1.34
5544	1.25
5545	1.58
5546	1.67
5547	1.65
5548	2.61
5549	2.18
5550	2.22
5551	2.25
5552	1.60
5553	1.42
5554	1.33
5555	2.14
5556	4.49
5557	3.69
5558	3.81
5559	3.64
5560	3.27
5561	3.62
5562	2.74
5563	3.29
5564	2.24
5565	1.99
5566	2.16
5567	2.66
5568	2.39
5569	2.51
5570	2.54
5571	2.93
5572	3.14
5573	3.48
5574	4.17
5575	5.99
5576	9.69
5577	7.78
5578	9.17
5579	9.61
5580	7.37
5581	5.12
5582	4
5583	3.59
5584	3.14
5585	2.69
5586	3.03
5587	2.29
5588	3.09
5589	1.95
5590	2.54
5591	4.27
5592	4.03
5593	4.53
5594	5.23
5595	5.04
5596	5.52
5597	4.79
5598	4.05
5599	3.32
5600	3.78
5601	3.62
5602	4.78
5603	3.20
5604	4.53
5605	4.22
5606	4.77
5607	6.95
5608	5.24
5609	4.21
5610	3.44
5611	2.94
5612	2.31
5613	3.52
5614	4.35
5615	4.72
5616	5.23
5617	5.04
5618	5.55
5619	6.09
5620	4.97
5621	3.47
5622	3.54
5623	3.93
5624	4.15
5625	3.94
5626	5
5627	5.86
5628	4.76
5629	3.69
5630	2.66
5631	3.63
5632	4.15
5633	4.42
5634	4.31
5635	3.44
5636	2.29
5637	1.98
5638	2.14
5639	2.36
5640	2.78
5641	4.71
5642	4.92
5643	3.77
5644	2.96
5645	3.27
5646	4.60
5647	7.25
5648	8.01
5649	7.31
5650	7.54
5651	6.48
5652	6.27
5653	6.08
5654	4.26
5655	3.91
5656	3.64
5657	4.02
5658	4.02
5659	3.46
5660	3.18
5661	4.44
5662	6.36
5663	6.03
5664	8.24
5665	8.89
5666	8.35
5667	7.30
5668	5.92
5669	4.47
5670	3.15
5671	2.25
5672	1.54
5673	1.69
5674	2.98
5675	3.60
5676	2.88
5677	2.40
5678	2.02
5679	2.81
5680	2.81
5681	3.89
5682	3.44
5683	3.46
5684	4.37
5685	4.17
5686	4.34
5687	5.15
5688	6.07
5689	5.72
5690	5.52
5691	5.58
5692	5.52
5693	3.96
5694	3.01
5695	3.54
5696	3.22
5697	2.07
5698	2.51
5699	2.55
5700	3.39
5701	2.90
5702	2.70
5703	2.23
5704	2.39
5705	2.96
5706	2.63
5707	2.17
5708	3.28
5709	3.09
5710	6.36
5711	6.32
5712	5.35
5713	3.83
5714	3.63
5715	3.49
5716	3.27
5717	3.09
5718	4.91
5719	4.27
5720	3.91
5721	5.40
5722	4.33
5723	5.04
5724	5.29
5725	4.25
5726	4.87
5727	5.46
5728	4.87
5729	3.84
5730	4.15
5731	2.95
5732	2.73
5733	2.86
5734	3.33
5735	4.12
5736	4.97
5737	4.23
5738	3.86
5739	2.82
5740	2.69
5741	2.91
5742	2.29
5743	2.28
5744	1.71
5745	1.48
5746	1.95
5747	3.34
5748	3.34
5749	3.19
5750	3.37
5751	3.59
5752	3.57
5753	3.65
5754	2.81
5755	3.29
5756	3.22
5757	3.17
5758	3.31
5759	2.75
5760	2.52
5761	2.73
5762	4.38
5763	4.64
5764	6.42
5765	8.32
5766	9.02
5767	8.67
5768	6.74
5769	5.22
5770	4.01
5771	3.04
5772	3.08
5773	2.73
5774	3.28
5775	4.12
5776	3.84
5777	4.94
5778	3.82
5779	5.06
5780	5.35
5781	4.52
5782	7.09
5783	6.37
5784	5.92
5785	5.15
5786	4.66
5787	4.50
5788	4.02
5789	3.72
5790	4.52
5791	5.61
5792	6.47
5793	7.98
5794	6.92
5795	5.49
5796	4.56
5797	3.57
5798	3.12
5799	3.49
5800	3.77
5801	5.23
5802	6.05
5803	5.82
5804	4.88
5805	3.33
5806	3.66
5807	4.66
5808	4.53
5809	5.10
5810	4.49
5811	4.08
5812	3.05
5813	2.30
5814	2.84
5815	5.22
5816	3.87
5817	2.76
5818	2.95
5819	3.81
5820	3.82
5821	2.76
5822	1.99
5823	3.12
5824	4.80
5825	4.86
5826	5.85
5827	4.68
5828	3.27
5829	2.56
5830	2.23
5831	1.71
5832	2.91
5833	3.82
5834	3.96
5835	3.85
5836	3.66
5837	3.54
5838	4.52
5839	3.66
5840	4.11
5841	4.74
5842	3.65
5843	2.55
5844	2.11
5845	1.86
5846	2.68
5847	4.87
5848	5.75
5849	5.61
5850	4.18
5851	4.19
5852	3.55
5853	3.33
5854	2.87
5855	2.84
5856	3.71
5857	4.17
5858	3.64
5859	5.31
5860	5.11
5861	4.77
5862	4.36
5863	3.85
5864	3.91
5865	4.40
5866	3.88
5867	4.18
5868	4.15
5869	3.30
5870	4.52
5871	4.73
5872	4.26
5873	3.80
5874	3.16
5875	4.77
5876	5.85
5877	6.03
5878	6.29
5879	4.46
5880	4.18
5881	2.67
5882	4.40
5883	7.22
5884	6.95
5885	7.28
5886	5.92
5887	5.34
5888	5.28
5889	4.58
5890	5.24
5891	5.11
5892	5.57
5893	5.69
5894	5.36
5895	5.31
5896	7.42
5897	6.22
5898	4.96
5899	4.29
5900	4.31
5901	3.27
5902	2.60
5903	2.57
5904	2.24
5905	2.45
5906	1.89
5907	2.13
5908	2.48
5909	3.31
5910	2.78
5911	3.62
5912	4.46
5913	3.99
5914	2.97
5915	2.68
5916	2.76
5917	2.71
5918	2.60
5919	2.64
5920	2.72
5921	4.47
5922	6.22
5923	8.75
5924	8.80
5925	7.31
5926	8.18
5927	6.10
5928	4.34
5929	4.52
5930	4.08
5931	3.47
5932	2.94
5933	2.99
5934	2.46
5935	2.04
5936	1.87
5937	1.90
5938	2.67
5939	2.24
5940	2.33
5941	1.98
5942	4.09
5943	4.35
5944	6.17
5945	7.57
5946	7.44
5947	6.69
5948	4.40
5949	4.17
5950	4.13
5951	3.42
5952	2.87
5953	2.45
5954	1.87
5955	2.24
5956	2.87
5957	3.42
5958	3.20
5959	2.57
5960	3.28
5961	3.38
5962	2.86
5963	2.84
5964	2.68
5965	3.64
5966	3.85
5967	2.96
5968	3.98
5969	3.71
5970	3.34
5971	3.89
5972	6.79
5973	6.26
5974	5.90
5975	7.84
5976	5.98
5977	5.44
5978	4.02
5979	4.51
5980	5.41
5981	5.77
5982	5.73
5983	3.72
5984	2.53
5985	3.87
5986	4.87
5987	5.71
5988	4.86
5989	4.19
5990	4.02
5991	3.83
5992	3.36
5993	4.17
5994	3.64
5995	4.10
5996	4.76
5997	5.30
5998	5.20
5999	5.06
6000	5.09
6001	4.42
6002	4.42
6003	4.90
6004	5.39
6005	3.78
6006	3.54
6007	3.69
6008	3.74
6009	3.15
6010	3.02
6011	3.70
6012	4.01
6013	5.71
6014	8.11
6015	6.16
6016	5.48
6017	5.42
6018	4.70
6019	4.26
6020	5.73
6021	4.37
6022	5.06
6023	3.82
6024	3.47
6025	3.41
6026	4.77
6027	6.17
6028	6.96
6029	5.44
6030	4.80
6031	3.97
6032	5.11
6033	4.54
6034	4.32
6035	3.66
6036	3.55
6037	4.23
6038	3.50
6039	3.55
6040	3.96
6041	5.25
6042	5.06
6043	4.03
6044	3.01
6045	2.39
6046	2.37
6047	3.92
6048	3.83
6049	7.69
6050	8.13
6051	7.30
6052	4.85
6053	3.54
6054	3.56
6055	3.48
6056	4.14
6057	3.80
6058	3.88
6059	3.33
6060	2.81
6061	2.33
6062	2.35
6063	2.85
6064	3.21
6065	3.04
6066	2.18
6067	1.78
6068	1.32
6069	1.55
6070	2.79
6071	2.76
6072	4.39
6073	5.09
6074	4.71
6075	3.93
6076	3.40
6077	3.39
6078	4.81
6079	5.77
6080	5.68
6081	4.28
6082	3.40
6083	3.24
6084	2.50
6085	2.71
6086	2.19
6087	1.93
6088	2.67
6089	4.83
6090	5.48
6091	5.92
6092	5.95
6093	5.71
6094	5.01
6095	4.85
6096	4.45
6097	5.63
6098	6.07
6099	5.56
6100	4.08
6101	4.83
6102	2.85
6103	2.13
6104	1.66
6105	2.93
6106	2.42
6107	2.82
6108	3.20
6109	2.53
6110	2.43
6111	2.20
6112	2.16
6113	1.78
6114	1.53
6115	1.67
6116	2.30
6117	3.14
6118	2.85
6119	2.79
6120	2.36
6121	2.24
6122	2.32
6123	2.91
6124	4.38
6125	4.30
6126	4.82
6127	4.08
6128	3.83
6129	4.73
6130	3.93
6131	3.96
6132	3.31
6133	2.56
6134	1.54
6135	1.48
6136	1.27
6137	1.21
6138	1.13
6139	1.29
6140	2.31
6141	2.73
6142	2.07
6143	1.99
6144	1.77
6145	2.93
6146	2.87
6147	3.14
6148	4
6149	4.18
6150	3.12
6151	2.99
6152	2.64
6153	3.28
6154	3.24
6155	3.27
6156	2.45
6157	2.23
6158	1.56
6159	1.44
6160	1.16
6161	1.03
6162	1.20
6163	1.64
6164	2.21
6165	2.63
6166	3.38
6167	3.28
6168	2.91
6169	2.72
6170	2.15
6171	2.01
6172	2.14
6173	2.05
6174	1.36
6175	1.26
6176	1.63
6177	2.58
6178	4.88
6179	3.68
6180	4.44
6181	3.88
6182	3.38
6183	2.56
6184	1.84
6185	1.63
6186	1.36
6187	1.51
6188	2
6189	2.22
6190	2.42
6191	2.03
6192	2.10
6193	3.52
6194	3.59
6195	3.17
6196	3.16
6197	3.10
6198	2.97
6199	2.70
6200	2.66
6201	2.64
6202	2.86
6203	3.22
6204	2.80
6205	2.64
6206	2.22
6207	2.50
6208	2.85
6209	2.89
6210	2.19
6211	2.04
6212	1.74
6213	1.72
6214	1.87
6215	2.26
6216	2.63
6217	2.43
6218	3.78
6219	4.13
6220	3.71
6221	3.32
6222	2.52
6223	2.54
6224	2.10
6225	1.82
6226	1.83
6227	1.77
6228	2.54
6229	3.10
6230	2.48
6231	2.37
6232	2.29
6233	2.10
6234	1.85
6235	1.48
6236	1.40
6237	1.10
6238	1.05
6239	1.27
6240	1.28
6241	1.19
6242	1.20
6243	1.60
6244	1.88
6245	2.26
6246	1.79
6247	1.77
6248	2.19
6249	1.88
6250	1.94
6251	1.68
6252	2.68
6253	3.51
6254	2.52
6255	2.24
6256	2.22
6257	1.76
6258	1.24
6259	1.36
6260	1.07
6261	1.17
6262	1.84
6263	3.13
6264	5.06
6265	4.32
6266	3.88
6267	3.85
6268	4.82
6269	4.14
6270	3.77
6271	3.62
6272	2.79
6273	2.37
6274	1.90
6275	1.86
6276	1.45
6277	1.52
6278	1.24
6279	1.30
6280	2.14
6281	2.47
6282	2.33
6283	2.70
6284	2.43
6285	2.16
6286	1.70
6287	1.44
6288	1.38
6289	2.55
6290	1.93
6291	1.79
6292	1.62
6293	1.48
6294	1.51
6295	1.23
6296	1.33
6297	1.20
6298	1.14
6299	0.890
6300	0.750
6301	0.920
6302	1.51
6303	2.11
6304	3.07
6305	2.99
6306	2.52
6307	2.11
6308	2.08
6309	2.14
6310	2
6311	1.81
6312	1.72
6313	1.33
6314	1.20
6315	0.990
6316	1.02
6317	1.06
6318	1.75
6319	2.36
6320	3.12
6321	3
6322	2.67
6323	2.33
6324	2.61
6325	1.91
6326	2.16
6327	2.68
6328	2.19
6329	1.61
6330	1.65
6331	2.14
6332	2.56
6333	2.82
6334	3.69
6335	3.92
6336	2.83
6337	2.54
6338	1.66
6339	1.70
6340	1.19
6341	1.37
6342	1.20
6343	1.28
6344	1.87
6345	1.99
6346	1.61
6347	1.53
6348	1.23
6349	1.41
6350	1.23
6351	1.30
6352	1.52
6353	2.22
6354	2.89
6355	2.46
6356	2.37
6357	1.95
6358	1.75
6359	1.67
6360	1.77
6361	1.85
6362	2.19
6363	2.32
6364	2.11
6365	2.56
6366	3.05
6367	3.70
6368	3.77
6369	3.91
6370	3.31
6371	3.62
6372	3.37
6373	2.99
6374	3.07
6375	2.29
6376	2.21
6377	2.50
6378	3.03
6379	3.41
6380	2.86
6381	2.47
6382	2.76
6383	2.90
6384	3.20
6385	2.50
6386	2
6387	1.76
6388	1.56
6389	1.35
6390	0.980
6391	1.04
6392	1.05
6393	1.19
6394	1
6395	1.26
6396	1.46
6397	2.02
6398	2.42
6399	2.47
6400	2.61
6401	2.68
6402	1.98
6403	1.94
6404	1.56
6405	1.63
6406	1.62
6407	1.66
6408	1.51
6409	1.42
6410	1.57
6411	1.83
6412	2.19
6413	2.46
6414	2.50
6415	1.96
6416	1.93
6417	1.70
6418	1.65
6419	1.26
6420	1.24
6421	1.14
6422	1
6423	0.850
6424	1.05
6425	0.990
6426	1.28
6427	1.44
6428	1.82
6429	1.70
6430	2.07
6431	1.62
6432	1.66
6433	2.19
6434	2.85
6435	2.52
6436	2.12
6437	2.29
6438	1.53
6439	1.67
6440	1.32
6441	1.20
6442	1.31
6443	1.68
6444	3.43
6445	3.63
6446	3.10
6447	3.46
6448	3.30
6449	3.35
6450	3.08
6451	3.11
6452	2.52
6453	2.76
6454	2.22
6455	1.89
6456	1.56
6457	1.57
6458	1.27
6459	1.24
6460	0.950
6461	1.09
6462	0.930
6463	1.02
6464	1.03
6465	0.930
6466	0.880
6467	0.730
6468	0.720
6469	0.580
6470	0.530
6471	0.480
6472	0.520
6473	0.530
6474	0.770
6475	0.950
6476	1.37
6477	1.52
6478	2.64
6479	1.90
6480	2.24
6481	1.69
6482	1.63
6483	1.86
6484	1.76
6485	1.83
6486	1.67
6487	1.42
6488	1.11
6489	0.940
6490	0.910
6491	1.28
6492	2.02
6493	1.90
6494	2.35
6495	2.46
6496	2.23
6497	1.98
6498	1.40
6499	1.27
6500	1.35
6501	1.45
6502	1.41
6503	1.58
6504	1.53
6505	1.82
6506	1.26
6507	1.30
6508	0.950
6509	1.04
6510	0.980
6511	1.27
6512	2.52
6513	3.80
6514	3.89
6515	3.60
6516	3.13
6517	2.91
6518	2.53
6519	2.25
6520	2.53
6521	3.12
6522	2.62
6523	2.85
6524	2.38
6525	2.61
6526	2.19
6527	2.11
6528	1.45
6529	1.47
6530	1.33
6531	1.01
6532	0.980
6533	0.860
6534	0.740
6535	0.680
6536	0.690
6537	0.660
6538	0.670
6539	0.570
6540	0.640
6541	0.790
6542	0.970
6543	0.880
6544	0.780
6545	0.740
6546	0.870
6547	1.22
6548	1.92
6549	1.52
6550	1.71
6551	1.83
6552	1.63
6553	1.87
6554	1.71
6555	2.49
6556	2.30
6557	2.13
6558	1.94
6559	1.73
6560	1.31
6561	1.21
6562	0.980
6563	0.930
6564	0.800
6565	0.760
6566	0.750
6567	0.980
6568	1.23
6569	1.70
6570	1.46
6571	1.37
6572	1.10
6573	1.04
6574	0.870
6575	0.860
6576	0.820
6577	1.26
6578	1.09
6579	1.01
6580	0.930
6581	1.03
6582	1.06
6583	1.02
6584	1.04
6585	0.820
6586	0.770
6587	0.750
6588	1.23
6589	1.31
6590	1.29
6591	1.60
6592	1.59
6593	1.56
6594	1.52
6595	1.30
6596	1.21
6597	1
6598	1.04
6599	0.990
6600	0.970
6601	0.990
6602	1.28
6603	1.43
6604	1.72
6605	1.30
6606	1.39
6607	1.17
6608	1.14
6609	1.02
6610	0.990
6611	0.790
6612	0.850
6613	1.31
6614	1.68
6615	3.17
6616	4.19
6617	1.508
6618	3.34
6619	2.87
6620	2.65
6621	2.09
6622	2.09
6623	1.67
6624	1.65
6625	1.21
6626	1.08
6627	0.980
6628	0.900
6629	1.23
6630	2.44
6631	2.13
6632	2.50
6633	3.13
6634	3.09
6635	2.97
6636	2.55
6637	2.46
6638	1.89
6639	1.47
6640	1.40
6641	1
6642	0.980
6643	1.01
6644	1.53
6645	1.64
6646	2.42
6647	2.40
6648	2.08
6649	1.90
6650	1.84
6651	1.65
6652	1.57
6653	1.37
6654	1.20
6655	1.39
6656	1.47
6657	1.68
6658	1.51
6659	1.63
6660	1.67
6661	1.73
6662	1.50
6663	1.45
6664	1.33
6665	1.48
6666	1.40
6667	1.26
6668	1.20
6669	1.13
6670	0.900
6671	0.790
6672	0.720
6673	0.730
6674	0.610
6675	0.670
6676	0.560
6677	0.680
6678	0.720
6679	0.820
6680	0.820
6681	0.820
6682	0.740
6683	0.700
6684	0.870
6685	0.810
6686	0.700
6687	0.630
6688	0.550
6689	0.630
6690	0.960
6691	1.41
6692	1.85
6693	1.69
6694	1.16
6695	1.11
6696	1.36
6697	1.32
6698	0.980
6699	0.920
6700	1.05
6701	1.56
6702	2.34
6703	2.21
6704	2.41
6705	1.80
6706	1.73
6707	1.60
6708	1.43
6709	1.18
6710	0.990
6711	0.940
6712	0.980
6713	1.06
6714	1.16
6715	1.37
6716	1.17
6717	1.42
6718	1.30
6719	1.57
6720	1.42
6721	1.50
6722	1.57
6723	1.46
6724	1.49
6725	1.11
6726	1
6727	1.05
6728	0.840
6729	0.860
6730	0.840
6731	0.830
6732	0.810
6733	0.670
6734	0.750
6735	1.45
6736	1.98
6737	1.52
6738	1.45
6739	1.22
6740	1.57
6741	1.67
6742	1.58
6743	1.53
6744	1.23
6745	1.21
6746	1.27
6747	1.13
6748	1.18
6749	1.74
6750	1.96
6751	2.30
6752	2.37
6753	2.06
6754	1.76
6755	1.90
6756	1.64
6757	1.58
6758	1.64
6759	1.64
6760	1.33
6761	1.36
6762	1.39
6763	1.32
6764	1.30
6765	1.13
6766	0.940
6767	1.01
6768	0.870
6769	0.900
6770	0.950
6771	1.24
6772	1.71
6773	1.96
6774	1.71
6775	1.59
6776	1.19
6777	1.14
6778	1.29
6779	1.29
6780	1.45
6781	2.08
6782	1.87
6783	1.52
6784	1.54
6785	1.25
6786	1.75
6787	2.61
6788	2.91
6789	2.32
6790	2.19
6791	2.26
6792	1.90
6793	1.73
6794	1.18
6795	1.33
6796	0.970
6797	0.960
6798	0.970
6799	1.10
6800	0.970
6801	1.35
6802	1.52
6803	2.19
6804	2.85
6805	1.99
6806	1.94
6807	3.23
6808	3.22
6809	2.10
6810	1.70
6811	1.53
6812	1.16
6813	1.24
6814	1.06
6815	0.980
6816	1.57
6817	2.09
6818	2.03
6819	1.72
6820	1.53
6821	1.44
6822	1.47
6823	1.77
6824	2.50
6825	2.27
6826	1.91
6827	1.83
6828	2.65
6829	2.47
6830	2.69
6831	2.80
6832	2.72
6833	3.01
6834	3.19
6835	2.79
6836	2.57
6837	2.91
6838	2.89
6839	2.94
6840	3.38
6841	4.18
6842	4.99
6843	3.21
6844	3.45
6845	2.55
6846	2.09
6847	1.55
6848	1.30
6849	1.27
6850	1.32
6851	1.74
6852	1.79
6853	1.68
6854	2.01
6855	3.29
6856	3.69
6857	3.94
6858	3.50
6859	2.60
6860	2.33
6861	1.63
6862	1.40
6863	1.67
6864	1.35
6865	1.43
6866	1.84
6867	2.18
6868	2.63
6869	2.28
6870	2.27
6871	1.80
6872	1.71
6873	1.59
6874	2.20
6875	2.09
6876	2.14
6877	2.22
6878	3
6879	2.86
6880	3.20
6881	3.65
6882	5.49
6883	6.10
6884	4.30
6885	3.93
6886	3.79
6887	4.23
6888	4.59
6889	3.06
6890	3.15
6891	2.96
6892	3.81
6893	3.63
6894	2.95
6895	2.88
6896	2.91
6897	3.98
6898	3.38
6899	3.52
6900	3.53
6901	3.17
6902	3.02
6903	2.43
6904	2.78
6905	3.31
6906	3.80
6907	3.81
6908	3.39
6909	2.822
6910	3.29
6911	4.10
6912	3.58
6913	3.48
6914	3.53
6915	2.86
6916	2.17
6917	2.28
6918	3.93
6919	3.93
6920	3.19
6921	4.19
6922	3.82
6923	2.508
6924	5.80
6925	9.37
6926	8.36
6927	7.11
6928	5.20
6929	4.41
6930	4.15
6931	4.22
6932	3.60
6933	3.60
6934	3.57
6935	2.74
6936	2.40
6937	2.04
6938	2.47
6939	3.21
6940	2.62
6941	2.04
6942	1.72
6943	1.72
6944	1.47
6945	1.52
6946	1.54
6947	1.42
6948	1.98
6949	3.25
6950	3.82
6951	3.29
6952	3.16
6953	2.052
6954	2.42
6955	2.40
6956	2.58
6957	2.82
6958	2.49
6959	3.09
6960	3.26
6961	3.50
6962	2.77
6963	3.09
6964	2.52
6965	2.13
6966	1.88
6967	1.50
6968	1.63
6969	1.27
6970	1.45
6971	1.28
6972	1.40
6973	1.34
6974	1.48
6975	1.51
6976	1.36
6977	1.38
6978	1.42
6979	1.50
6980	1.89
6981	1.73
6982	2.02
6983	2.03
6984	2.33
6985	2.42
6986	2.41
6987	2.42
6988	2.56
6989	2.44
6990	2.86
6991	3.15
6992	3.89
6993	3.17
6994	2.90
6995	2.21
6996	2.19
6997	2.64
6998	2.41
6999	3.06
7000	2.55
7001	2.80
7002	3.25
7003	4.42
7004	5.84
7005	5.13
7006	3.62
7007	3.27
7008	2.73
7009	3.81
7010	2.69
7011	2.48
7012	2.11
7013	1.81
7014	1.92
7015	2.59
7016	2.47
7017	2.56
7018	2.75
7019	2.24
7020	2.14
7021	2.21
7022	2.24
7023	2.60
7024	2.26
7025	1.85
7026	1.86
7027	1.66
7028	1.41
7029	1.10
7030	1.15
7031	0.940
7032	1.10
7033	0.940
7034	0.930
7035	0.860
7036	0.920
7037	0.750
7038	0.810
7039	0.810
7040	0.810
7041	3.918
7042	2.15
7043	3.16
7044	3.07
7045	3.08
7046	3.29
7047	3.31
7048	2.79
7049	2.69
7050	2.85
7051	2.40
7052	2.19
7053	2.50
7054	2.19
7055	2.06
7056	1.53
7057	2
7058	2.58
7059	2.95
7060	2.43
7061	3.15
7062	2.83
7063	2.72
7064	2.25
7065	2.58
7066	1.85
7067	1.26
7068	2.13
7069	4.93
7070	5.99
7071	8.52
7072	6.16
7073	6.84
7074	7.86
7075	5.55
7076	4.42
7077	3.26
7078	3.14
7079	2.56
7080	2.35
7081	1.89
7082	1.90
7083	2.33
7084	2.71
7085	3.13
7086	3.20
7087	2.63
7088	2.40
7089	1.90
7090	1.97
7091	2.96
7092	2.67
7093	2.41
7094	1.84
7095	1.36
7096	1.13
7097	2.04
7098	3.092
7099	2.98
7100	2.79
7101	3.17
7102	4
7103	3.66
7104	3.21
7105	2.78
7106	2.83
7107	2.56
7108	2.59
7109	2.59
7110	2.28
7111	2.19
7112	2
7113	1.52
7114	1.88
7115	2.01
7116	1.48
7117	1.57
7118	2.28
7119	2.54
7120	3.10
7121	3.28
7122	4.79
7123	4.19
7124	4.31
7125	3.20
7126	3.10
7127	3.23
7128	4.15
7129	3.97
7130	3.29
7131	3.27
7132	2.17
7133	1.88
7134	1.76
7135	1.59
7136	1.62
7137	1.75
7138	2.03
7139	2.72
7140	2.60
7141	2.52
7142	3.10
7143	3.08
7144	3.74
7145	2.73
7146	3.39
7147	3.24
7148	3.666
7149	1.84
7150	2.34
7151	2.44
7152	4.83
7153	8.43
7154	7.18
7155	6.10
7156	4.68
7157	3.738
7158	4.16
7159	3.56
7160	3
7161	2.48
7162	2.09
7163	1.94
7164	2.01
7165	1.84
7166	1.75
7167	1.99
7168	1.93
7169	1.66
7170	1.66
7171	1.68
7172	2.72
7173	5.14
7174	5.38
7175	5.38
7176	4.74
7177	4.08
7178	3.49
7179	4.062
7180	3.19
7181	2.77
7182	3.52
7183	3.61
7184	3.57
7185	3.52
7186	3.26
7187	2.82
7188	2.77
7189	2.82
7190	2.80
7191	3.09
7192	2.59
7193	2.79
7194	2.54
7195	2.92
7196	2.35
7197	2.43
7198	2.16
7199	2.56
7200	2.44
7201	2.76
7202	3.63
7203	2.71
7204	3.18
7205	2.59
7206	4.34
7207	4.08
7208	2.80
7209	3.86
7210	2.52
7211	2.34
7212	1.75
7213	1.50
7214	1.63
7215	2.71
7216	3.31
7217	3
7218	3.39
7219	4.51
7220	5.23
7221	7.34
7222	6.91
7223	5.94
7224	4.59
7225	3.76
7226	3.75
7227	5.67
7228	5.65
7229	4.56
7230	3.18
7231	3.32
7232	2.77
7233	3.53
7234	4.88
7235	4.88
7236	4.16
7237	3.34
7238	3.23
7239	3
7240	2.60
7241	3.42
7242	2.69
7243	3.06
7244	4.88
7245	5.01
7246	5.09
7247	5.01
7248	6.06
7249	5.86
7250	6.14
7251	5.40
7252	3.918
7253	3.60
7254	2.27
7255	3.36
7256	4.21
7257	3.13
7258	5.86
7259	6.08
7260	7.87
7261	7.03
7262	5.82
7263	5.58
7264	4.24
7265	3.46
7266	3.23
7267	2.59
7268	3.878
7269	2.18
7270	2.02
7271	1.98
7272	2
7273	2.01
7274	1.88
7275	1.83
7276	1.83
7277	2.45
7278	2.54
7279	2.37
7280	2.38
7281	2.42
7282	3.35
7283	2.77
7284	5.09
7285	3.81
7286	3.19
7287	2.71
7288	4.05
7289	4.33
7290	3.93
7291	4.70
7292	6.64
7293	6.23
7294	5.61
7295	5.63
7296	5.18
7297	3.29
7298	3.73
7299	4.87
7300	4.39
7301	5.89
7302	5.09
7303	7.93
7304	10.06
7305	3.146
7306	6.64
7307	4.81
7308	4.43
7309	4.71
7310	6.51
7311	7.34
7312	6.52
7313	5.77
7314	4.29
7315	4.29
7316	4
7317	4.03
7318	4.11
7319	4.02
7320	3.73
7321	3.98
7322	3.63
7323	3.86
7324	2.92
7325	2.79
7326	2.49
7327	3.65
7328	2.79
7329	3.37
7330	3.33
7331	2.88
7332	2.83
7333	3.41
7334	5
7335	6.38
7336	6.35
7337	5.74
7338	4.28
7339	4.11
7340	4.89
7341	5.23
7342	4.27
7343	3.37
7344	3.11
7345	2.64
7346	2.50
7347	2.75
7348	3.50
7349	3.78
7350	3.496
7351	3.82
7352	3.53
7353	3.31
7354	3.52
7355	3.04
7356	2.59
7357	2.37
7358	2.57
7359	2.96
7360	3.47
7361	4.39
7362	5.18
7363	5.29
7364	4.88
7365	4.69
7366	4.21
7367	3.98
7368	3.37
7369	3.45
7370	3.23
7371	2.77
7372	2.76
7373	2.15
7374	2.21
7375	2.30
7376	2.78
7377	5.10
7378	4.09
7379	3.38
7380	2.91
7381	2.25
7382	2.43
7383	3.19
7384	3.76
7385	3.81
7386	2.83
7387	3.09
7388	3
7389	3.08
7390	2.73
7391	2.63
7392	2.37
7393	2.55
7394	3.08
7395	3.32
7396	4.06
7397	4.26
7398	4.08
7399	3.80
7400	3.36
7401	3.10
7402	3.42
7403	2.71
7404	2.59
7405	2.76
7406	3.13
7407	2.92
7408	2.40
7409	3.48
7410	4.41
7411	4.09
7412	4.20
7413	3.98
7414	3.49
7415	2.90
7416	3.17
7417	2.72
7418	2.75
7419	2.14
7420	1.59
7421	3.52
7422	3.53
7423	3.77
7424	4.47
7425	4.38
7426	3.62
7427	3.65
7428	2.856
7429	3.34
7430	2.74
7431	2.50
7432	2.22
7433	2.01
7434	2.57
7435	3.14
7436	2.88
7437	2.60
7438	2.75
7439	2.86
7440	2.97
7441	2.92
7442	3.59
7443	3.65
7444	4.24
7445	4.61
7446	4.85
7447	5.27
7448	4.64
7449	3.61
7450	2.88
7451	3.88
7452	3.31
7453	3.01
7454	2.86
7455	2.57
7456	1.95
7457	2.89
7458	2.98
7459	2.81
7460	2.83
7461	3.28
7462	2.66
7463	3.43
7464	3.30
7465	3.47
7466	2.996
7467	4.14
7468	4.16
7469	4.58
7470	6.80
7471	6.90
7472	5.87
7473	5.16
7474	5.42
7475	4.36
7476	3.73
7477	2.92
7478	2.73
7479	2.43
7480	2.71
7481	3.26
7482	3.70
7483	3.17
7484	2.65
7485	3.30
7486	2.89
7487	3.21
7488	4.42
7489	6.77
7490	4.60
7491	3.73
7492	2.80
7493	3.40
7494	3.73
7495	3.41
7496	3.05
7497	2.47
7498	3.83
7499	3.62
7500	3.07
7501	3.94
7502	5.22
7503	5.69
7504	5.16
7505	4.48
7506	3.24
7507	2.50
7508	2.22
7509	2.27
7510	3.30
7511	6.76
7512	6.93
7513	6.07
7514	5.70
7515	6.70
7516	4.97
7517	3.63
7518	3.05
7519	4.43
7520	6.88
7521	5
7522	4.63
7523	3.83
7524	4.68
7525	5.31
7526	5.17
7527	5.53
7528	4.46
7529	5.66
7530	4.17
7531	3.93
7532	3.24
7533	4.88
7534	4.456
7535	5.46
7536	5.57
7537	3.77
7538	3.57
7539	3.57
7540	2.90
7541	2.88
7542	2.24
7543	2.24
7544	2.28
7545	2.90
7546	3.31
7547	2.51
7548	2.25
7549	2.38
7550	2.26
7551	2.24
7552	2.13
7553	1.39
7554	2.40
7555	4.65
7556	5.44
7557	5.09
7558	4.74
7559	4.956
7560	3.59
7561	3.08
7562	3.70
7563	2.92
7564	2.51
7565	2.53
7566	2.41
7567	2.57
7568	2.50
7569	2.67
7570	2.50
7571	3.522
7572	5.67
7573	5.47
7574	4.70
7575	4.35
7576	5.74
7577	4.94
7578	4.70
7579	4.63
7580	3.71
7581	3.28
7582	3.68
7583	3.34
7584	2.80
7585	3.14
7586	3.24
7587	3.54
7588	3.56
7589	2.65
7590	2.89
7591	3.182
7592	2.08
7593	1.82
7594	1.71
7595	1.89
7596	1.83
7597	1.94
7598	1.91
7599	1.56
7600	1.53
7601	1.60
7602	1.59
7603	1.59
7604	1.70
7605	1.96
7606	1.91
7607	2.26
7608	1.39
7609	1.47
7610	1.38
7611	1.48
7612	2.01
7613	2.46
7614	2.49
7615	2.41
7616	2.20
7617	2.27
7618	2.73
7619	2.57
7620	2.42
7621	3.08
7622	3.06
7623	2.598
7624	3.14
7625	4.10
7626	3.99
7627	3.18
7628	3.17
7629	2.38
7630	1.40
7631	1.14
7632	1.54
7633	1.81
7634	3.14
7635	2.77
7636	2.30
7637	2.28
7638	2.10
7639	1.88
7640	2.02
7641	1.96
7642	2
7643	4.06
7644	3.81
7645	5.41
7646	5.52
7647	4.31
7648	2.64
7649	2.21
7650	1.63
7651	1.43
7652	1.18
7653	1.01
7654	1.21
7655	1.73
7656	2.36
7657	3.12
7658	3.73
7659	3.21
7660	2.47
7661	2.58
7662	2.59
7663	2.33
7664	2.28
7665	2.07
7666	2.13
7667	1.68
7668	1.88
7669	1.62
7670	1.54
7671	1.14
7672	1.27
7673	1.57
7674	1.67
7675	1.86
7676	1.34
7677	1
7678	0.970
7679	1.32
7680	1.53
7681	2.03
7682	2.04
7683	2.45
7684	2.72
7685	3.19
7686	3.14
7687	3.01
7688	3
7689	2.40
7690	2.11
7691	2.07
7692	1.90
7693	1.87
7694	1.58
7695	1.72
7696	1.96
7697	2.06
7698	1.73
7699	1.67
7700	2.02
7701	2.51
7702	3.74
7703	3.28
7704	4.03
7705	5.38
7706	5.05
7707	4.25
7708	3.65
7709	2.97
7710	2.68
7711	2.28
7712	1.68
7713	1.92
7714	2.55
7715	3.40
7716	3.65
7717	2.92
7718	3.02
7719	3.18
7720	2.49
7721	2.27
7722	1.77
7723	1.89
7724	1.99
7725	2.31
7726	1.50
7727	1.25
7728	1.03
7729	0.830
7730	1.19
7731	2.09
7732	1.90
7733	2.21
7734	2.19
7735	1.81
7736	2.08
7737	1.97
7738	1.68
7739	1.53
7740	1.25
7741	1.14
7742	1.14
7743	1.02
7744	1.03
7745	1.08
7746	1.18
7747	1.24
7748	1.46
7749	2.45
7750	2.10
7751	2.21
7752	1.78
7753	1.59
7754	1.60
7755	1.75
7756	1.25
7757	1.75
7758	2.01
7759	1.59
7760	1.96
7761	2.14
7762	2.33
7763	2.26
7764	2.07
7765	1.86
7766	1.87
7767	1.87
7768	2.33
7769	2.26
7770	1.85
7771	2.04
7772	1.68
7773	2.08
7774	2.14
7775	2.93
7776	2.33
7777	2.23
7778	2.29
7779	2.53
7780	3.09
7781	3.13
7782	2.62
7783	2.37
7784	1.96
7785	1.59
7786	1.44
7787	1.53
7788	1.07
7789	1.04
7790	0.990
7791	1.43
7792	2.39
7793	4.34
7794	3.06
7795	2.89
7796	2.70
7797	2.63
7798	2.78
7799	3.08
7800	2.34
7801	2.20
7802	1.81
7803	2.42
7804	3.19
7805	2.95
7806	3.11
7807	3.44
7808	2.63
7809	2.27
7810	1.68
7811	1.70
7812	1.24
7813	1.07
7814	0.880
7815	0.830
7816	0.740
7817	0.640
7818	0.560
7819	0.740
7820	0.800
7821	0.970
7822	1.29
7823	1.58
7824	1.65
7825	1.47
7826	1.37
7827	1.03
7828	1.22
7829	1.06
7830	1.35
7831	1.48
7832	1.64
7833	1.62
7834	1.69
7835	1.42
7836	1.67
7837	1.29
7838	1.74
7839	1.18
7840	1.47
7841	1.14
7842	0.980
7843	0.950
7844	1.80
7845	1.81
7846	1.74
7847	1.29
7848	1.43
7849	1.64
7850	1.94
7851	2.91
7852	2.27
7853	2.32
7854	1.98
7855	1.72
7856	1.74
7857	2.26
7858	3.18
7859	3.29
7860	3.93
7861	3.54
7862	3.64
7863	2.88
7864	2.28
7865	2.12
7866	1.54
7867	1.36
7868	1.13
7869	1.03
7870	0.990
7871	1.03
7872	1.10
7873	1.48
7874	2.33
7875	2.45
7876	2.38
7877	2.63
7878	2.19
7879	2.10
7880	2.13
7881	1.87
7882	1.78
7883	1.42
7884	1.44
7885	1.17
7886	1.36
7887	1.09
7888	1.03
7889	0.890
7890	1.46
7891	1.41
7892	1.432
7893	2.32
7894	2.04
7895	2.12
7896	2.51
7897	2.43
7898	2.68
7899	2.25
7900	2.22
7901	1.55
7902	1.51
7903	1.20
7904	1.30
7905	1.01
7906	0.950
7907	1.01
7908	0.840
7909	0.830
7910	0.720
7911	0.810
7912	0.640
7913	0.830
7914	0.690
7915	0.800
7916	0.560
7917	0.630
7918	0.650
7919	0.870
7920	0.970
7921	1.28
7922	1.96
7923	2.93
7924	2.38
7925	1.97
7926	1.77
7927	1.55
7928	1.51
7929	1.80
7930	1.71
7931	1.73
7932	1.52
7933	1.54
7934	1.84
7935	2.72
7936	3.72
7937	3.81
7938	4.07
7939	3.80
7940	3.61
7941	2.77
7942	2.12
7943	1.56
7944	1.61
7945	1.48
7946	1.13
7947	1.60
7948	1.26
7949	1.64
7950	1.76
7951	1.89
7952	1.69
7953	1.47
7954	1.52
7955	1.55
7956	1.58
7957	1.47
7958	1.63
7959	1.92
7960	1.72
7961	1.24
7962	0.930
7963	1.08
7964	1.73
7965	1.61
7966	1.31
7967	1.16
7968	1.15
7969	1.17
7970	0.920
7971	0.930
7972	0.850
7973	0.850
7974	0.780
7975	0.940
7976	0.910
7977	0.960
7978	0.960
7979	1.12
7980	1.21
7981	1.36
7982	1.42
7983	1.67
7984	1.97
7985	2.08
7986	1.53
7987	1.57
7988	1.38
7989	1.13
7990	1.15
7991	0.910
7992	1.13
7993	1.23
7994	1.25
7995	1.63
7996	1.47
7997	1.37
7998	1.21
7999	0.860
8000	0.900
8001	1.18
8002	1.36
8003	1.49
8004	1.69
8005	1.99
8006	2.07
8007	2.52
8008	2.01
8009	2.22
8010	1.76
8011	1.86
8012	1.56
8013	1.47
8014	1.13
8015	0.980
8016	1
8017	0.800
8018	0.790
8019	0.730
8020	0.880
8021	0.850
8022	1.20
8023	0.880
8024	1.39
8025	1.04
8026	1.03
8027	0.870
8028	1
8029	0.950
8030	0.950
8031	0.730
8032	1.01
8033	0.830
8034	0.850
8035	1.19
8036	1.84
8037	2.28
8038	1.98
8039	2.16
8040	2.42
8041	2.53
8042	2.02
8043	1.77
8044	1.83
8045	1.36
8046	1.53
8047	1.64
8048	2.13
8049	1.96
8050	2.23
8051	1.66
8052	1.58
8053	1.23
8054	1.26
8055	0.940
8056	1.08
8057	0.910
8058	1.74
8059	1.92
8060	2.07
8061	1.83
8062	1.80
8063	1.69
8064	1.78
8065	2.27
8066	2.01
8067	2.18
8068	1.74
8069	1.63
8070	1.45
8071	1.46
8072	1.18
8073	1.57
8074	1.34
8075	1.22
8076	1.17
8077	0.950
8078	0.730
8079	0.690
8080	0.610
8081	0.620
8082	0.680
8083	0.670
8084	0.650
8085	1.03
8086	1.15
8087	1.25
8088	1.03
8089	0.980
8090	0.800
8091	0.940
8092	0.930
8093	1.13
8094	0.920
8095	0.900
8096	1.41
8097	1.55
8098	1.34
8099	1.43
8100	1.82
8101	1.70
8102	2.04
8103	2.03
8104	2.03
8105	1.90
8106	1.84
8107	2.07
8108	1.72
8109	1.56
8110	1.45
8111	1.61
8112	1.60
8113	1.70
8114	1.64
8115	1.58
8116	1.33
8117	1.40
8118	1.51
8119	1.43
8120	1.26
8121	1.11
8122	1.09
8123	0.990
8124	0.980
8125	0.850
8126	0.780
8127	0.680
8128	0.950
8129	0.920
8130	0.870
8131	0.750
8132	0.740
8133	1.08
8134	1.53
8135	1.60
8136	1.64
8137	1.40
8138	1.34
8139	1.13
8140	0.940
8141	1.11
8142	0.790
8143	0.730
8144	0.640
8145	0.800
8146	0.790
8147	0.910
8148	0.870
8149	0.860
8150	0.810
8151	1.01
8152	0.870
8153	0.940
8154	0.740
8155	0.800
8156	0.780
8157	1.31
8158	1.56
8159	2.35
8160	2.51
8161	2.44
8162	1.60
8163	1.65
8164	1.42
8165	2.42
8166	1.588
8167	2.89
8168	2.60
8169	2.25
8170	1.99
8171	1.69
8172	1.61
8173	1.50
8174	1.23
8175	1.14
8176	1.13
8177	1.01
8178	1.37
8179	1.88
8180	3.64
8181	4.14
8182	3.79
8183	2.80
8184	2.46
8185	2.17
8186	1.98
8187	1.73
8188	1.85
8189	1.59
8190	2.28
8191	3.46
8192	3.14
8193	2.88
8194	2.16
8195	2.27
8196	1.49
8197	1.51
8198	1.36
8199	1.18
8200	1.12
8201	1.35
8202	1.36
8203	1.37
8204	1.02
8205	1.01
8206	0.790
8207	0.820
8208	0.690
8209	0.690
8210	0.620
8211	0.700
8212	0.860
8213	1.09
8214	1.12
8215	1.19
8216	1.05
8217	1.22
8218	1.19
8219	1.32
8220	1.18
8221	1.18
8222	0.980
8223	0.970
8224	1.31
8225	1.50
8226	1.53
8227	1.77
8228	1.77
8229	1.71
8230	1.34
8231	1.74
8232	1.45
8233	1.38
8234	1.42
8235	1.14
8236	1.25
8237	1.12
8238	1.10
8239	0.820
8240	0.990
8241	1.07
8242	1.25
8243	1.52
8244	1.36
8245	1.35
8246	1.47
8247	1.21
8248	1.24
8249	0.850
8250	1
8251	1.13
8252	1.46
8253	2.06
8254	1.37
8255	1.69
8256	1.09
8257	1.24
8258	1.04
8259	1.37
8260	1.24
8261	1.16
8262	1.22
8263	1.50
8264	1.56
8265	1.10
8266	1.06
8267	1.19
8268	1.45
8269	1.25
8270	1.38
8271	3.56
8272	4.60
8273	3.70
8274	3.04
8275	2.04
8276	1.75
8277	1.51
8278	1.29
8279	1.23
8280	1.13
8281	0.980
8282	1.05
8283	1.09
8284	1.14
8285	1.03
8286	0.830
8287	1.06
8288	1.07
8289	2.16
8290	3.33
8291	3.16
8292	2.84
8293	2.55
8294	2.55
8295	2.84
8296	2.80
8297	2.29
8298	2.54
8299	1.68
8300	1.91
8301	1.48
8302	1.78
8303	1.89
8304	3.73
8305	6.90
8306	5.68
8307	3.83
8308	2.76
8309	1.88
8310	2.49
8311	2.19
8312	2.08
8313	2.16
8314	3.19
8315	4.18
8316	4.30
8317	2.75
8318	2.62
8319	2.69
8320	2.20
8321	1.81
8322	1.97
8323	1.45
8324	1.72
8325	1.47
8326	1.52
8327	1.29
8328	1.71
8329	2.64
8330	3.50
8331	2.82
8332	3.62
8333	2.41
8334	2.90
8335	2.11
8336	1.77
8337	1.38
8338	1.59
8339	1.38
8340	2.20
8341	1.76
8342	1.81
8343	2.51
8344	2.11
8345	2.83
8346	2.97
8347	2.96
8348	2.46
8349	2.06
8350	1.62
8351	1.56
8352	1.11
8353	1.17
8354	1.07
8355	1.41
8356	2.71
8357	3.15
8358	4.23
8359	3.93
8360	3.09
8361	2.55
8362	2.42
8363	2.36
8364	3.63
8365	6
8366	5.65
8367	6.85
8368	6.73
8369	8.13
8370	7.20
8371	6.33
8372	6.13
8373	5.52
8374	3.38
8375	2.53
8376	1.93
8377	1.38
8378	2.94
8379	2.80
8380	2.82
8381	2.85
8382	3.99
8383	3.68
8384	3.24
8385	3.30
8386	4.05
8387	4.23
8388	5.66
8389	4.66
8390	4.97
8391	4.75
8392	3.78
8393	3.43
8394	4.87
8395	5.49
8396	5.31
8397	4.96
8398	4.60
8399	4.90
8400	4.85
8401	4.44
8402	3.88
8403	2.332
8404	2.60
8405	1.98
8406	1.51
8407	1.14
8408	1.65
8409	3.31
8410	5.36
8411	4.51
8412	3.90
8413	3.16
8414	2.91
8415	3.65
8416	2.36
8417	2.80
8418	2.19
8419	1.90
8420	1.67
8421	1.51
8422	1.69
8423	1.42
8424	1.48
8425	2.16
8426	2.26
8427	2.34
8428	1.94
8429	1.82
8430	2.30
8431	3.96
8432	4.30
8433	4.37
8434	7.05
8435	6.45
8436	5.83
8437	4.35
8438	3.49
8439	3.02
8440	2.45
8441	2.48
8442	2.65
8443	2.59
8444	2.09
8445	1.82
8446	2.39
8447	2.35
8448	3.29
8449	3.22
8450	3.53
8451	2.58
8452	2.71
8453	3.07
8454	3.13
8455	3.68
8456	3.29
8457	2.99
8458	2.55
8459	2.75
8460	2.84
8461	3.06
8462	2.99
8463	2.60
8464	2.68
8465	3.01
8466	3.05
8467	3.40
8468	3.22
8469	3.16
8470	3.07
8471	2.68
8472	2.35
8473	2.51
8474	3.08
8475	2.68
8476	2.40
8477	3.24
8478	3.20
8479	3.39
8480	2.48
8481	2.49
8482	2.09
8483	1.97
8484	1.93
8485	1.89
8486	1.57
8487	1.46
8488	1.38
8489	1.83
8490	3.06
8491	3.05
8492	1.96
8493	1.83
8494	2.18
8495	3.78
8496	4.68
8497	4.10
8498	4.15
8499	4.14
8500	3.36
8501	3.93
8502	2.64
8503	2.82
8504	1.73
8505	2.69
8506	4.33
8507	3.58
8508	4.73
8509	4.29
8510	4.68
8511	4.91
8512	3.79
8513	3.85
8514	2.76
8515	2.52
8516	2.59
8517	4.01
8518	4.44
8519	4.64
8520	5.01
8521	6.09
8522	4.86
8523	4.07
8524	4.19
8525	3.66
8526	3.46
8527	3.04
8528	2.88
8529	2.52
8530	2.32
8531	1.77
8532	2.86
8533	2.80
8534	3.02
8535	3.89
8536	3.56
8537	3.44
8538	3.30
8539	5.06
8540	3.93
8541	3.88
8542	4.72
8543	4.50
8544	4.87
8545	4.91
8546	3.57
8547	2.78
8548	2.28
8549	2.02
8550	1.52
8551	2.04
8552	2.55
8553	3.15
8554	3.63
8555	3.88
8556	3.93
8557	3.06
8558	3.02
8559	2.52
8560	1.94
8561	2.04
8562	1.61
8563	2.29
8564	2.30
8565	2.95
8566	2.47
8567	2.30
8568	2.84
8569	2.61
8570	2.76
8571	3.16
8572	2.84
8573	3.10
8574	2.58
8575	1.97
8576	1.85
8577	1.39
8578	1.23
8579	1.48
8580	2.36
8581	2.37
8582	3
8583	3.11
8584	2.43
8585	2.57
8586	2.31
8587	4.16
8588	4.31
8589	5.28
8590	4.58
8591	4
8592	3.48
8593	3.21
8594	2.85
8595	2.35
8596	2.45
8597	2.79
8598	3.19
8599	2.54
8600	2
8601	1.79
8602	1.69
8603	1.39
8604	2.87
8605	3.97
8606	4.61
8607	3.76
8608	4.32
8609	3.504
8610	3.94
8611	3.75
8612	4.91
8613	3.67
8614	4.56
8615	4.12
8616	3.64
8617	2.96
8618	2.93
8619	2.68
8620	2.92
8621	3
8622	2.76
8623	3.12
8624	2.60
8625	2.75
8626	2.34
8627	2.13
8628	1.87
8629	1.83
8630	1.44
8631	1.83
8632	1.81
8633	1.96
8634	2.68
8635	2.58
8636	2.53
8637	2.90
8638	2.88
8639	3.16
8640	3.20
8641	3.17
8642	2.68
8643	2.69
8644	2.90
8645	2.83
8646	3.67
8647	3.47
8648	3.28
8649	2.66
8650	2.51
8651	2.08
8652	1.52
8653	1.28
8654	1.41
8655	1.45
8656	1.53
8657	1.62
8658	1.86
8659	1.84
8660	2.02
8661	1.86
8662	1.93
8663	1.74
8664	1.73
8665	1.60
8666	1.73
8667	1.76
8668	1.65
8669	1.94
8670	2.05
8671	3.41
8672	3.61
8673	3.58
8674	3.62
8675	2.97
8676	2.87
8677	2.47
8678	2.59
8679	2.31
8680	2.02
8681	1.85
8682	1.48
8683	3.376
8684	2.47
8685	3.11
8686	3.43
8687	3.86
8688	3.45
8689	3.83
8690	3.32
8691	3.31
8692	3.24
8693	2.85
8694	1.94
8695	1.97
8696	1.94
8697	2.93
8698	4.83
8699	5.46
8700	4.67
8701	5.99
8702	3.62
8703	7.04
8704	6.04
8705	5.40
8706	3.81
8707	2.95
8708	2.18
8709	2.47
8710	2.83
8711	2.64
8712	2.91
8713	2.28
8714	2.14
8715	1.47
8716	2.67
8717	5.29
8718	4.01
8719	4.10
8720	3.94
8721	3.85
8722	3.56
8723	3.42
8724	4.04
8725	3.38
8726	3.59
8727	3.03
8728	3.10
8729	2.77
8730	3.21
8731	3.07
8732	3.13
8733	4.70
8734	5.03
8735	4.27
8736	3.34
8737	2.62
8738	1.80
8739	3.23
8740	3.39
8741	3.82
8742	4.71
8743	3.68
8744	3.47
8745	2.31
8746	2.07
8747	2.09
8748	2.22
8749	2.13
8750	1.75
8751	2.04
8752	1.94
8753	2.49
8754	2.26
8755	2.74
8756	3.30
8757	3.37
8758	3.73
8759	3.20
8760	3.04
8761	2.85
8762	2.21
8763	2.29
8764	2.54
8765	2.47
8766	2.34
8767	2.60
