1	11.0067
2	11.803
3	12.017
4	12.017
5	11.9511
6	12.1734
7	11.6877
8	11.128
9	9.6218
10	9.7617
11	10.4943
12	11.5314
13	11.1939
14	11.3009
15	10.9223
16	10.198
17	10.0663
18	10.165
19	10.2885
20	10.6918
21	10.8482
22	10.7824
23	10.9305
24	10.9305
25	10.8647
26	10.7083
27	10.4943
28	10.2803
29	10.4943
30	10.5519
31	10.593
32	11.021
33	10.8317
34	10.914
35	11.0293
36	11.0704
37	10.9058
38	11.1363
39	11.449
40	11.1445
41	11.1034
42	10.8976
43	10.84
44	10.6177
45	10.8482
46	11.0293
47	10.7988
48	10.7494
49	10.9717
50	11.3997
51	11.2021
52	11.449
53	11.877
54	11.6301
55	11.556
56	11.5972
57	11.5231
58	11.2021
59	11.1445
60	11.3667
61	11.2021
62	11.3832
63	11.2515
64	11.3585
65	11.3585
66	11.3585
67	11.3585
68	11.663
69	11.7207
70	11.803
71	11.7865
72	11.7618
73	11.9347
74	11.9264
75	11.877
76	12.0005
77	12.2227
78	12.017
79	11.984
80	11.8935
81	11.77
82	11.6795
83	11.77
84	11.6466
85	11.5396
86	11.6548
87	11.877
88	11.7042
89	11.5807
90	11.5643
91	11.663
92	11.7042
93	11.663
94	11.663
95	11.8359
96	11.5643
97	11.4079
98	11.3667
99	11.6877
100	11.5725
101	11.7289
102	11.6384
103	11.5067
104	11.4737
105	11.2927
106	11.3832
107	11.4573
108	11.5067
109	11.3503
110	11.5725
111	11.5231
112	11.5396
113	11.3174
114	11.449
115	11.2021
116	11.6877
117	11.5149
118	11.5643
119	11.5149
120	11.556
121	11.7124
122	11.7371
123	11.803
124	11.7207
125	11.5643
126	11.5972
127	11.6877
128	11.663
129	11.5314
130	11.7042
131	11.7124
132	11.7618
133	11.6301
134	11.5807
135	11.4573
136	11.5807
137	11.4244
138	11.2021
139	11.054
140	11.0869
141	10.9552
142	10.9305
143	10.7494
144	10.7083
145	10.6095
146	10.519
147	10.305
148	10.1074
149	9.8358
150	9.6053
151	9.663
152	9.8358
153	9.7288
154	9.6794
155	9.5066
156	9.3913
157	9.3913
158	9.1033
159	9.2761
160	9.4572
161	9.8276
162	10.0004
163	10.2144
164	10.1074
165	10.1897
166	10.3132
167	10.4778
168	10.5519
169	10.5601
170	10.6671
171	10.7412
172	10.6836
173	10.3873
174	10.4449
175	10.1733
176	10.412
177	10.412
178	10.2556
179	10.2556
180	10.305
181	10.4284
182	10.3379
183	10.3708
184	10.4449
185	10.412
186	10.2967
187	10.2885
188	10.1486
189	10.1733
190	10.2803
191	10.2803
192	10.412
193	10.2227
194	10.2309
195	10.1897
196	10.2309
197	10.2473
198	10.4449
199	10.4367
200	10.6507
201	10.8235
202	10.8811
203	10.8811
204	10.6095
205	10.5684
206	10.5025
207	10.5437
208	10.5437
209	10.7083
210	10.272
211	10.3379
212	10.2885
213	10.272
214	10.198
215	10.3708
216	10.519
217	10.519
218	10.4943
219	10.6671
220	10.7824
221	10.9223
222	11.0128
223	10.914
224	10.9881
225	10.914
226	10.9058
227	10.9552
228	11.0457
229	11.0293
230	10.9387
231	10.8976
232	10.9058
233	10.9881
234	11.1116
235	11.3667
236	11.4408
237	11.3174
238	11.3997
239	11.3256
240	11.1939
241	11.3914
242	11.3914
243	11.5231
244	11.5231
245	11.6877
246	11.5725
247	11.6301
248	11.6384
249	11.5396
250	11.5067
251	11.5972
252	11.556
253	11.5314
254	11.5314
255	11.5725
256	11.5725
257	11.5231
258	11.4573
259	11.5314
260	11.6384
261	11.6384
262	11.6713
263	11.3667
264	11.1116
265	11.1116
266	11.2515
267	11.0704
268	10.8482
269	10.7247
270	10.4614
271	10.6671
272	10.5684
273	10.3461
274	10.3297
275	10.3132
276	10.0992
277	10.1486
278	10.3708
279	10.6918
280	11.1116
281	11.0704
282	10.9058
283	11.054
284	11.021
285	11.1116
286	10.947
287	10.7412
288	11.1527
289	10.8811
290	10.7165
291	11.5396
292	12.8812
293	12.552
294	12.6014
295	12.6014
296	12.6178
297	12.5437
298	12.3709
299	12.7084
300	12.8977
301	12.9224
302	12.6343
303	12.4285
304	12.552
305	12.5026
306	12.552
307	12.5849
308	12.5767
309	12.6754
310	12.6178
311	12.3709
312	12.1404
313	12.1651
314	11.9594
315	12.5684
316	12.6425
317	12.5437
318	12.6837
319	12.7413
320	12.6507
321	12.6261
322	12.6672
323	12.6837
324	12.4697
325	12.338
326	12.6425
327	12.6754
328	12.9882
329	12.8812
330	12.9635
331	13.0705
332	13.087
333	13.0047
334	12.8401
335	12.9882
336	12.7084
337	12.3462
338	12.3544
339	12.4285
340	12.5931
341	12.5931
342	12.5931
343	12.3051
344	12.2804
345	12.1981
346	12.3462
347	12.3462
348	12.445
349	12.3133
350	12.0664
351	11.984
352	11.7618
353	11.6713
354	11.7042
355	11.8277
356	11.7618
357	11.7042
358	11.7865
359	11.8935
360	11.9347
361	11.7042
362	11.3914
363	11.6713
364	11.6548
365	12.1487
366	12.4038
367	12.1734
368	12.231
369	12.3462
370	12.6096
371	13.0211
372	12.8812
373	12.9224
374	12.7824
375	12.8071
376	12.8401
377	12.7413
378	12.9306
379	13.0623
380	13.1281
381	13.0458
382	12.8483
383	12.7577
384	12.6507
385	12.4779
386	12.5602
387	12.7577
388	12.6507
389	12.6425
390	12.5602
391	12.8812
392	12.9553
393	12.9388
394	12.8565
395	12.9224
396	12.9964
397	12.9224
398	12.7577
399	12.6014
400	12.552
401	12.659
402	12.5767
403	12.6343
404	12.8071
405	12.9553
406	12.7907
407	12.9224
408	12.8565
409	12.7495
410	12.7166
411	12.6837
412	12.8401
413	12.8401
414	12.9224
415	12.8812
416	12.9224
417	13.1693
418	13.4409
419	13.6302
420	13.622
421	13.7043
422	13.7948
423	13.9512
424	13.9841
425	13.8854
426	14.157
427	14.1652
428	14.0088
429	13.9512
430	13.7454
431	13.9101
432	13.9677
433	13.9924
434	13.8442
435	13.7537
436	13.8689
437	13.7207
438	13.9101
439	14.0088
440	13.9101
441	13.9101
442	14.157
443	14.1405
444	14.1158
445	14.2887
446	14.3627
447	13.9183
448	13.8524
449	13.622
450	13.4327
451	13.8277
452	13.9594
453	13.729
454	13.7372
455	14.2228
456	14.0911
457	14.3627
458	14.371
459	14.2393
460	14.124
461	14.0088
462	13.5644
463	13.7866
464	13.1281
465	13.1281
466	12.8894
467	13.3915
468	13.4162
469	12.9635
470	13.3586
471	13.622
472	13.622
473	14.1158
474	13.5314
475	12.7577
476	12.3874
477	12.5931
478	12.9224
479	12.9224
480	13.3339
481	13.3751
482	13.5561
483	13.4656
484	13.1034
485	12.8812
486	12.6343
487	12.6754
488	13.0705
489	13.1693
490	13.0705
491	12.6425
492	12.1816
493	12.5437
494	11.9347
495	12.4614
496	12.9059
497	12.8236
498	12.7989
499	12.9306
500	12.6425
501	12.552
502	12.1404
503	12.7166
504	12.7166
505	12.8812
506	12.8812
507	13.2351
508	13.2434
509	13.1693
510	13.087
511	12.6919
512	12.4121
513	12.6754
514	12.0993
515	12.2968
516	12.5108
517	12.5108
518	12.5108
519	12.6754
520	12.8401
521	13.0458
522	13.0458
523	12.7413
524	12.5437
525	13.482
526	13.622
527	13.803
528	13.7784
529	13.5314
530	13.6467
531	13.9101
532	13.803
533	13.5891
534	13.9101
535	14.157
536	14.1158
537	13.9265
538	14.0335
539	13.943
540	14.05
541	13.8936
542	13.5891
543	13.8277
544	14.157
545	14.157
546	13.7537
547	13.8607
548	13.7948
549	13.8277
550	13.9018
551	13.729
552	13.9512
553	14.0417
554	13.7454
555	13.8689
556	13.6714
557	13.7784
558	13.5561
559	13.4409
560	13.1857
561	13.0376
562	13.2104
563	13.3751
564	13.3174
565	13.2187
566	13.1857
567	13.2104
568	13.5397
569	13.6384
570	13.7207
571	13.4985
572	13.0787
573	13.1034
574	12.9141
575	13.0623
576	12.7248
577	12.552
578	12.4038
579	11.8194
580	11.4573
581	11.6384
582	12.0993
583	12.552
584	12.5191
585	12.552
586	12.7166
587	12.6261
588	12.1404
589	12.3874
590	12.4861
591	12.3874
592	12.5602
593	12.6754
594	12.6754
595	12.8812
596	12.8812
597	12.8812
598	12.7495
599	13.1281
600	13.0623
601	12.5026
602	12.3133
603	12.5849
604	12.4367
605	12.7577
606	12.9635
607	13.1857
608	13.1857
609	12.9224
610	12.7495
611	12.8318
612	13.0047
613	12.9635
614	12.9964
615	13.3668
616	13.1857
617	13.1446
618	13.2187
619	13.2187
620	13.4574
621	13.5561
622	13.408
623	13.2434
624	13.2022
625	13.2104
626	12.9635
627	13.1364
628	13.1693
629	13.1775
630	13.2516
631	13.1528
632	13.3174
633	13.3257
634	13.301
635	13.2269
636	13.3339
637	13.2845
638	13.0047
639	13.2022
640	13.1693
641	13.0787
642	12.6919
643	12.8318
644	12.8812
645	12.8401
646	12.7248
647	12.7001
648	12.3051
649	12.3297
650	12.4367
651	12.5767
652	12.98
653	12.8401
654	12.445
655	12.2145
656	11.8112
657	11.8935
658	11.6384
659	11.3091
660	11.1527
661	11.6466
662	11.696
663	11.7042
664	11.4408
665	11.6054
666	11.3997
667	11.589
668	11.6877
669	11.1857
670	11.1939
671	10.9964
672	11.2186
673	11.5149
674	11.7289
675	11.7042
676	11.5725
677	11.8112
678	11.696
679	11.4902
680	11.2597
681	11.1939
682	11.2515
683	11.6054
684	11.6054
685	11.3174
686	11.0375
687	11.0293
688	11.1116
689	11.375
690	11.5231
691	11.6877
692	11.7371
693	11.5231
694	11.6466
695	11.3256
696	11.6877
697	11.342
698	11.5643
699	11.2762
700	10.9881
701	10.7
702	10.6095
703	10.2391
704	10.0333
705	9.9428
706	9.1773
707	9.4654
708	9.3831
709	8.9551
710	8.453
711	7.8193
712	8.6835
713	8.8893
714	9.0127
715	9.2185
716	9.3008
717	9.095
718	9.3173
719	9.3008
720	9.877
721	9.3831
722	9.2597
723	9.4325
724	9.9593
725	10.1486
726	10.1486
727	9.8687
728	10.2062
729	10.7
730	10.6342
731	10.165
732	10.4943
733	10.9799
734	11.1774
735	10.7988
736	10.8647
737	10.4202
738	10.0251
739	10.2309
740	10.3708
741	10.2556
742	10.6013
743	10.8235
744	10.914
745	11.161
746	10.9058
747	10.6836
748	11.1939
749	11.3503
750	11.5231
751	11.556
752	11.8112
753	11.5807
754	11.4408
755	11.3667
756	11.5396
757	11.5231
758	11.3585
759	11.2021
760	11.0457
761	11.3091
762	11.1857
763	11.5231
764	12.1816
765	12.1816
766	11.984
767	11.6466
768	11.8112
769	11.7865
770	11.4408
771	11.2762
772	11.7618
773	11.6795
774	11.3256
775	11.161
776	11.1939
777	11.1939
778	11.1939
779	11.1939
780	11.4984
781	11.4408
782	11.4408
783	11.4408
784	11.5231
785	11.696
786	11.3997
787	11.0293
788	11.021
789	10.7577
790	10.5354
791	10.519
792	10.091
793	10.6177
794	10.3708
795	10.6671
796	10.6671
797	10.4531
798	10.9058
799	11.0293
800	11.0704
801	11.0869
802	11.2021
803	11.0375
804	10.8647
805	10.8647
806	11.1445
807	10.733
808	10.3873
809	10.2967
810	10.7165
811	10.4696
812	10.3955
813	10.2803
814	10.5025
815	10.84
816	10.5766
817	10.4531
818	10.2227
819	10.2803
820	10.2803
821	10.165
822	10.3955
823	10.5601
824	10.9881
825	10.9799
826	11.0869
827	11.3585
828	11.2844
829	11.3585
830	11.5149
831	11.5314
832	11.3338
833	11.1939
834	11.3585
835	11.342
836	11.4408
837	11.5231
838	11.6548
839	11.4408
840	11.2927
841	11.3832
842	11.0704
843	10.9058
844	10.914
845	11.235
846	11.235
847	11.235
848	11.235
849	11.3585
850	11.2762
851	11.0787
852	10.5272
853	10.6589
854	10.8564
855	10.5848
856	10.7
857	10.8894
858	11.3667
859	11.4408
860	11.3585
861	11.4079
862	11.1774
863	11.1116
864	11.0046
865	10.733
866	10.7659
867	10.4943
868	10.6507
869	10.6507
870	10.84
871	10.9634
872	10.8235
873	10.84
874	11.3174
875	11.2104
876	10.9881
877	11.0457
878	11.1527
879	11.235
880	11.0457
881	11.161
882	10.9223
883	10.8153
884	10.519
885	10.6589
886	10.7412
887	10.8317
888	10.6424
889	10.807
890	10.6424
891	10.626
892	10.6918
893	10.3708
894	10.2556
895	10.3132
896	10.1321
897	10.1239
898	10.3132
899	10.0827
900	9.9346
901	9.5971
902	9.9922
903	10.1568
904	9.9757
905	9.6712
906	9.3996
907	9.1938
908	9.202
909	8.9963
910	9.1527
911	9.4243
912	9.3008
913	8.9222
914	8.7164
915	8.988
916	9.663
917	9.8687
918	9.556
919	9.2432
920	8.8728
921	8.9304
922	8.379
923	8.346
924	8.7411
925	8.7576
926	8.1073
927	7.9839
928	7.844
929	7.6135
930	7.951
931	7.8357
932	8.5683
933	7.9839
934	7.9427
935	7.4077
936	7.4406
937	7.1608
938	7.6217
939	7.2843
940	7.9098
941	8.0003
942	7.5888
943	7.7781
944	7.4406
945	7.4406
946	7.8933
947	8.3296
948	8.2637
949	8.4695
950	8.6423
951	8.4366
952	8.346
953	8.8234
954	8.3625
955	8.2143
956	8.239
957	8.0909
958	7.6793
959	7.6629
960	7.5312
961	7.8604
962	7.5723
963	7.8769
964	8.3296
965	7.8522
966	7.7781
967	7.5723
968	7.5723
969	7.3254
970	7.0785
971	6.848
972	6.4612
973	6.1073
974	6.2225
975	6.7986
976	6.6752
977	6.2225
978	6.2389
979	6.5764
980	6.4612
981	6.1896
982	6.0661
983	6.0003
984	5.9591
985	6.2554
986	6.6834
987	6.5846
988	7.2349
989	7.276
990	7.7699
991	7.6135
992	7.6464
993	7.6958
994	7.4406
995	7.8028
996	7.7863
997	8.025
998	7.7123
999	7.6629
1000	7.918
1001	7.918
1002	8.3872
1003	8.4695
1004	8.4613
1005	7.8933
1006	7.8357
1007	7.8357
1008	7.7205
1009	7.63
1010	7.8686
1011	7.8933
1012	8.1485
1013	8.0415
1014	8.058
1015	8.5271
1016	8.5271
1017	8.6012
1018	8.3625
1019	8.7164
1020	8.6588
1021	8.6341
1022	8.7247
1023	8.4448
1024	8.3543
1025	8.1156
1026	8.1156
1027	7.9263
1028	8.0168
1029	8.0086
1030	7.811
1031	7.6876
1032	8.025
1033	8.132
1034	7.9016
1035	7.811
1036	7.8604
1037	7.8604
1038	7.8604
1039	7.8604
1040	7.8604
1041	7.6053
1042	7.5065
1043	7.5065
1044	7.5065
1045	7.9016
1046	7.8522
1047	7.8522
1048	7.9839
1049	8.025
1050	8.0662
1051	8.0744
1052	8.4366
1053	8.346
1054	8.4366
1055	8.4366
1056	7.9263
1057	7.7452
1058	7.6546
1059	7.4489
1060	7.4406
1061	7.169
1062	6.955
1063	6.8069
1064	6.7493
1065	6.8645
1066	6.6423
1067	6.7822
1068	6.4612
1069	6.7246
1070	6.4612
1071	6.3624
1072	6.2801
1073	6.4365
1074	6.2225
1075	6.2225
1076	6.5106
1077	6.6834
1078	6.7904
1079	6.527
1080	6.4859
1081	6.6505
1082	6.4365
1083	6.1813
1084	6.1566
1085	6.3377
1086	6.5106
1087	6.6258
1088	6.4118
1089	6.3789
1090	6.1731
1091	5.9756
1092	5.8274
1093	5.8274
1094	5.671
1095	5.9756
1096	6.3789
1097	6.5764
1098	6.5929
1099	6.6999
1100	6.6423
1101	6.9797
1102	6.5599
1103	6.7163
1104	6.7163
1105	6.5929
1106	6.6011
1107	6.2801
1108	6.4036
1109	6.8563
1110	7.0291
1111	7.2431
1112	7.4077
1113	7.2349
1114	7.3666
1115	7.2431
1116	7.3172
1117	7.3666
1118	7.5147
1119	7.3995
1120	7.6053
1121	7.6053
1122	7.6053
1123	7.6217
1124	7.704
1125	7.6135
1126	7.5559
1127	7.8522
1128	7.6217
1129	7.4242
1130	7.4242
1131	7.3254
1132	7.3419
1133	7.2925
1134	6.9633
1135	6.7246
1136	6.9139
1137	6.9139
1138	6.8645
1139	6.8727
1140	6.988
1141	7.1196
1142	6.7493
1143	6.6999
1144	6.5353
1145	6.7328
1146	6.8069
1147	6.774
1148	6.774
1149	6.9303
1150	6.9139
1151	6.9139
1152	7.0291
1153	7.062
1154	7.0785
1155	6.9797
1156	7.202
1157	7.1032
1158	7.1526
1159	7.2678
1160	7.4077
1161	7.523
1162	7.7616
1163	7.7616
1164	7.8604
1165	7.6464
1166	7.9674
1167	7.7699
1168	7.6629
1169	7.7616
1170	7.7287
1171	7.737
1172	7.5312
1173	7.2925
1174	7.4077
1175	7.4324
1176	7.4324
1177	7.7946
1178	7.9592
1179	7.8028
1180	7.5559
1181	7.8193
1182	7.918
1183	7.8193
1184	7.6958
1185	7.737
1186	7.6793
1187	7.5065
1188	7.523
1189	7.4324
1190	7.7123
1191	7.597
1192	7.8357
1193	7.6958
1194	7.7863
1195	8.0168
1196	8.0086
1197	7.9016
1198	8.025
1199	7.8933
1200	7.8357
1201	7.8604
1202	7.9016
1203	8.0086
1204	7.9592
1205	8.132
1206	8.132
1207	8.2308
1208	8.2555
1209	8.2308
1210	8.3131
1211	8.2473
1212	8.1485
1213	8.1073
1214	8.0826
1215	8.1567
1216	8.025
1217	8.165
1218	8.1567
1219	8.2308
1220	8.2226
1221	8.1567
1222	8.2308
1223	8.1732
1224	7.9839
1225	7.9345
1226	7.7781
1227	7.8028
1228	7.8933
1229	7.8769
1230	8.0003
1231	7.8933
1232	7.7205
1233	7.597
1234	7.5641
1235	7.523
1236	7.3995
1237	7.3336
1238	7.2925
1239	7.3336
1240	7.4077
1241	7.6382
1242	7.5806
1243	7.5394
1244	7.6053
1245	7.7616
1246	7.6464
1247	7.7616
1248	7.7287
1249	7.7205
1250	7.7205
1251	7.6629
1252	7.63
1253	7.6793
1254	7.5723
1255	7.5312
1256	7.5641
1257	7.7534
1258	7.9016
1259	7.9263
1260	8.1073
1261	8.1238
1262	8.2637
1263	8.2308
1264	8.1485
1265	8.2226
1266	8.3049
1267	8.2308
1268	8.1814
1269	8.3049
1270	8.3049
1271	8.346
1272	8.0662
1273	8.0662
1274	8.0415
1275	8.0003
1276	8.0991
1277	8.2555
1278	8.2226
1279	8.1403
1280	8.2061
1281	8.2308
1282	8.4777
1283	8.4448
1284	8.5024
1285	8.5271
1286	8.4448
1287	8.4448
1288	8.4448
1289	8.3954
1290	8.486
1291	8.4613
1292	8.4942
1293	8.5683
1294	8.5847
1295	8.7
1296	8.7082
1297	8.7658
1298	8.8563
1299	8.8563
1300	8.8563
1301	8.8563
1302	8.9798
1303	9.0127
1304	9.0127
1305	9.0127
1306	9.1938
1307	9.2761
1308	9.2761
1309	9.2761
1310	9.2432
1311	9.235
1312	9.0786
1313	9.0621
1314	9.0292
1315	9.0703
1316	9.1609
1317	9.1197
1318	9.0045
1319	9.0868
1320	9.1691
1321	9.1691
1322	9.0374
1323	9.0127
1324	9.0868
1325	8.9304
1326	8.8152
1327	8.7164
1328	8.6259
1329	8.4448
1330	8.4119
1331	8.593
1332	8.9222
1333	9.0539
1334	9.0539
1335	9.0292
1336	8.9963
1337	8.988
1338	8.9798
1339	9.0374
1340	9.2103
1341	9.0786
1342	9.0621
1343	8.9387
1344	8.9716
1345	8.9716
1346	9.1362
1347	9.1362
1348	9.2185
1349	9.128
1350	9.235
1351	9.235
1352	9.2843
1353	9.1527
1354	9.1527
1355	8.9222
1356	8.8563
1357	8.4119
1358	8.5353
1359	8.7905
1360	8.56
1361	8.7
1362	8.5189
1363	8.6341
1364	8.6917
1365	8.8481
1366	8.881
1367	8.9469
1368	8.9057
1369	8.8646
1370	8.9716
1371	9.202
1372	9.235
1373	9.235
1374	9.309
1375	9.3831
1376	9.3831
1377	9.3831
1378	9.3996
1379	9.202
1380	9.128
1381	9.2267
1382	9.1691
1383	9.1773
1384	9.0868
1385	9.1856
1386	9.202
1387	9.309
1388	9.3667
1389	9.1691
1390	9.1362
1391	9.0621
1392	9.1856
1393	9.2185
1394	9.3584
1395	9.1197
1396	8.9469
1397	8.667
1398	8.8728
1399	8.7411
1400	8.7987
1401	8.7329
1402	8.56
1403	8.6177
1404	8.9222
1405	8.7658
1406	8.7329
1407	8.8893
1408	8.8646
1409	8.9633
1410	8.9963
1411	8.9222
1412	8.914
1413	8.7823
1414	8.8481
1415	8.881
1416	9.0292
1417	9.1609
1418	9.1609
1419	9.095
1420	9.1033
1421	9.0868
1422	8.9222
1423	9.0292
1424	9.1115
1425	9.1938
1426	9.2267
1427	9.2103
1428	9.0786
1429	9.1033
1430	9.1856
1431	9.1033
1432	9.1856
1433	9.128
1434	9.0374
1435	9.0045
1436	9.0457
1437	9.0539
1438	8.9222
1439	9.0539
1440	9.1197
1441	9.0374
1442	8.9798
1443	9.0539
1444	9.0539
1445	8.9469
1446	8.9469
1447	8.914
1448	8.9633
1449	8.988
1450	8.881
1451	8.7576
1452	8.7
1453	8.914
1454	8.881
1455	9.0374
1456	9.1033
1457	9.0703
1458	9.0786
1459	9.0127
1460	9.0539
1461	8.914
1462	8.8152
1463	8.8234
1464	8.7493
1465	8.7905
1466	8.6835
1467	8.6835
1468	8.8317
1469	8.9469
1470	8.9057
1471	8.881
1472	8.9963
1473	8.988
1474	8.9222
1475	8.9798
1476	9.021
1477	9.0127
1478	8.9963
1479	9.1115
1480	9.2185
1481	9.3337
1482	9.3584
1483	9.3749
1484	9.3337
1485	9.235
1486	9.2679
1487	9.3667
1488	9.3173
1489	9.2597
1490	9.2761
1491	9.2679
1492	9.2103
1493	9.235
1494	9.1691
1495	9.1362
1496	9.1033
1497	9.0045
1498	9.0786
1499	9.1033
1500	9.1197
1501	9.3502
1502	9.5642
1503	9.5477
1504	9.63
1505	9.7947
1506	9.7288
1507	9.6547
1508	9.6547
1509	9.7206
1510	9.6794
1511	9.6877
1512	9.737
1513	9.8852
1514	9.7947
1515	9.8358
1516	9.844
1517	9.6465
1518	9.6712
1519	9.8934
1520	10.1239
1521	10.1239
1522	10.1239
1523	10.3461
1524	10.3626
1525	10.3379
1526	10.3708
1527	10.3544
1528	10.2309
1529	10.2062
1530	10.1074
1531	10.0251
1532	10.0416
1533	9.9757
1534	10.2556
1535	10.2391
1536	10.198
1537	10.1403
1538	10.1733
1539	10.2473
1540	10.3708
1541	10.3626
1542	10.2473
1543	10.1897
1544	10.2062
1545	10.3544
1546	10.2885
1547	10.2885
1548	10.3214
1549	10.3214
1550	10.2885
1551	10.2967
1552	10.412
1553	10.3955
1554	10.3544
1555	10.4778
1556	10.4531
1557	10.412
1558	10.593
1559	10.6424
1560	10.7
1561	10.7
1562	10.6836
1563	10.7083
1564	10.7741
1565	10.7412
1566	10.7412
1567	10.807
1568	10.7494
1569	10.6918
1570	10.6918
1571	10.7988
1572	10.7412
1573	10.6177
1574	10.4943
1575	10.5601
1576	10.519
1577	10.6013
1578	10.5684
1579	10.5766
1580	10.4531
1581	10.3955
1582	10.2967
1583	10.3873
1584	10.4202
1585	10.4943
1586	10.5025
1587	10.6342
1588	10.7
1589	10.7824
1590	10.7988
1591	10.8564
1592	10.8647
1593	10.8482
1594	10.8153
1595	10.9058
1596	11.0128
1597	10.9717
1598	10.9881
1599	10.8235
1600	10.8647
1601	10.8317
1602	10.7659
1603	10.6424
1604	10.6507
1605	10.6671
1606	10.7824
1607	10.7577
1608	10.8482
1609	10.8153
1610	10.7494
1611	10.8153
1612	10.8235
1613	10.7824
1614	10.7083
1615	10.6671
1616	10.626
1617	10.5601
1618	10.5684
1619	10.3626
1620	10.3461
1621	10.3708
1622	10.1239
1623	10.2638
1624	10.2473
1625	10.3132
1626	10.3132
1627	10.3132
1628	10.3379
1629	10.2885
1630	10.3379
1631	10.4367
1632	10.3461
1633	10.4449
1634	10.5684
1635	10.5519
1636	10.5684
1637	10.4202
1638	10.3873
1639	10.4367
1640	10.4037
1641	10.1733
1642	10.0087
1643	10.0251
1644	9.9428
1645	9.9099
1646	10.0004
1647	9.9757
1648	9.9346
1649	9.8358
1650	9.877
1651	9.8358
1652	10.0169
1653	10.0827
1654	10.091
1655	10.1239
1656	10.2144
1657	10.1239
1658	10.0004
1659	10.0992
1660	10.2062
1661	10.2885
1662	10.2967
1663	10.2062
1664	10.3708
1665	10.4531
1666	10.379
1667	10.4696
1668	10.4202
1669	10.3379
1670	10.4367
1671	10.3544
1672	10.4531
1673	10.486
1674	10.6177
1675	10.6095
1676	10.519
1677	10.4696
1678	10.5272
1679	10.4202
1680	10.4696
1681	10.519
1682	10.5601
1683	10.593
1684	10.519
1685	10.6013
1686	10.6424
1687	10.5601
1688	10.519
1689	10.5354
1690	10.5766
1691	10.4531
1692	10.3461
1693	10.2803
1694	10.4284
1695	10.5025
1696	10.6013
1697	10.6013
1698	10.5848
1699	10.6095
1700	10.4284
1701	10.5601
1702	10.5848
1703	10.6671
1704	10.7494
1705	10.807
1706	10.8482
1707	10.8894
1708	11.1445
1709	11.1034
1710	11.1692
1711	11.2021
1712	11.0951
1713	11.3256
1714	11.4655
1715	11.5149
1716	11.449
1717	11.3914
1718	11.4079
1719	11.375
1720	11.2844
1721	11.2762
1722	11.3832
1723	11.4408
1724	11.556
1725	11.6219
1726	11.5972
1727	11.5972
1728	11.482
1729	11.449
1730	11.3667
1731	11.482
1732	11.5231
1733	11.4161
1734	11.342
1735	11.2762
1736	11.1445
1737	11.1198
1738	11.0704
1739	11.0704
1740	11.2186
1741	11.2597
1742	11.3585
1743	11.5149
1744	11.5643
1745	11.6219
1746	11.663
1747	11.589
1748	11.482
1749	11.4984
1750	11.4573
1751	11.4902
1752	11.4737
1753	11.5231
1754	11.375
1755	11.3997
1756	11.4902
1757	11.7454
1758	11.7042
1759	11.9511
1760	11.91
1761	12.0087
1762	12.0993
1763	12.2063
1764	12.0005
1765	11.91
1766	11.9429
1767	11.8688
1768	11.8688
1769	11.803
1770	11.696
1771	11.803
1772	11.8359
1773	11.7289
1774	11.6219
1775	11.6548
1776	11.6219
1777	11.8194
1778	11.9182
1779	11.984
1780	11.8112
1781	11.803
1782	12.1075
1783	12.1075
1784	12.1404
1785	12.2886
1786	12.124
1787	12.1322
1788	12.1651
1789	12.0993
1790	12.2227
1791	12.3297
1792	12.1981
1793	12.2474
1794	12.2145
1795	12.2639
1796	12.3051
1797	12.338
1798	12.2804
1799	12.4285
1800	12.4367
1801	12.4367
1802	12.4203
1803	12.3874
1804	12.3627
1805	12.4861
1806	12.3874
1807	12.1569
1808	12.0911
1809	12.0417
1810	12.0581
1811	12.0993
1812	12.1651
1813	12.124
1814	12.1569
1815	12.1487
1816	12.2639
1817	12.2557
1818	12.2392
1819	12.3709
1820	12.3544
1821	12.3956
1822	12.3956
1823	12.4614
1824	12.4285
1825	12.4367
1826	12.4121
1827	12.4779
1828	12.5273
1829	12.6837
1830	12.7413
1831	12.7413
1832	12.7331
1833	12.5108
1834	12.5849
1835	12.7084
1836	12.5931
1837	12.6507
1838	12.5191
1839	12.3627
1840	12.5684
1841	12.5273
1842	12.445
1843	12.4038
1844	12.7989
1845	13.1693
1846	13.3833
1847	13.5067
1848	13.6796
1849	13.8195
1850	13.6055
1851	13.5067
1852	13.3504
1853	13.3586
1854	13.4738
1855	13.7701
1856	13.6055
1857	13.7125
1858	13.6878
1859	13.5808
1860	13.7043
1861	13.6549
1862	13.622
1863	13.6961
1864	14.0088
1865	14.1405
1866	14.0994
1867	14.2064
1868	14.0582
1869	14.1981
1870	13.9594
1871	13.7866
1872	13.9018
1873	13.7866
1874	13.7125
1875	13.9101
1876	13.9677
1877	13.9512
1878	14.0171
1879	14.0829
1880	14.0335
1881	14.0829
1882	14.1076
1883	13.9924
1884	13.9512
1885	13.836
1886	13.9265
1887	13.8936
1888	13.9018
1889	13.8689
1890	14.0994
1891	14.1734
1892	14.2887
1893	14.3298
1894	14.3216
1895	14.2887
1896	14.0747
1897	14.0171
1898	13.8113
1899	13.7372
1900	13.7043
1901	13.7043
1902	13.7043
1903	13.6714
1904	13.8854
1905	13.8771
1906	14.1076
1907	14.0911
1908	14.3627
1909	14.3298
1910	14.3216
1911	14.4121
1912	14.4121
1913	14.4451
1914	14.264
1915	14.1817
1916	14.3051
1917	14.3874
1918	14.4039
1919	14.4121
1920	14.4862
1921	14.0994
1922	13.9101
1923	13.8689
1924	13.4985
1925	13.3751
1926	13.4985
1927	13.1857
1928	13.2434
1929	13.0376
1930	13.194
1931	13.3915
1932	13.301
1933	13.0541
1934	13.3092
1935	13.3668
1936	13.3339
1937	13.1693
1938	12.8483
1939	12.8812
1940	12.552
1941	12.6261
1942	12.4779
1943	12.2721
1944	12.3462
1945	12.6096
1946	12.5108
1947	12.4697
1948	12.4532
1949	12.6672
1950	12.8236
1951	12.7824
1952	12.7495
1953	12.659
1954	12.7084
1955	12.9553
1956	13.2351
1957	13.3751
1958	13.622
1959	13.5232
1960	13.729
1961	13.8689
1962	13.7866
1963	13.7043
1964	13.5973
1965	13.3751
1966	13.1281
1967	13.0047
1968	12.9717
1969	13.2845
1970	13.3421
1971	13.301
1972	13.6384
1973	13.6302
1974	13.6302
1975	13.6631
1976	13.803
1977	13.6961
1978	13.5561
1979	13.7701
1980	13.7701
1981	13.9594
1982	13.7125
1983	13.7619
1984	13.9183
1985	13.8607
1986	13.8771
1987	13.9924
1988	14.124
1989	14.2228
1990	14.5274
1991	14.6097
1992	14.4615
1993	14.4533
1994	14.2969
1995	14.3957
1996	14.4286
1997	14.5767
1998	14.6508
1999	14.6755
2000	14.6838
2001	14.8484
2002	15.0624
2003	14.9965
2004	14.7167
2005	14.5767
2006	14.4944
2007	14.4286
2008	14.5932
2009	14.6344
2010	14.7414
2011	14.799
2012	14.799
2013	14.6261
2014	14.9307
2015	14.9307
2016	14.7167
2017	14.799
2018	14.8566
2019	14.8401
2020	14.8648
2021	15.0212
2022	15.0048
2023	14.8731
2024	15.227
2025	15.7208
2026	15.6468
2027	15.5809
2028	15.5562
2029	15.4821
2030	15.7784
2031	15.8361
2032	15.7208
2033	15.3011
2034	15.5233
2035	15.5974
2036	15.5974
2037	15.6961
2038	15.5562
2039	15.5562
2040	15.4328
2041	15.4986
2042	15.441
2043	15.5727
2044	15.7126
2045	15.4904
2046	15.5315
2047	15.6468
2048	15.8196
2049	15.9019
2050	15.8361
2051	15.7455
2052	15.8114
2053	15.7126
2054	15.8361
2055	15.9348
2056	15.8031
2057	15.9348
2058	15.8443
2059	15.9678
2060	16.0418
2061	15.6797
2062	14.9389
2063	14.9142
2064	15.0459
2065	15.0212
2066	14.8813
2067	14.9389
2068	15.013
2069	14.9554
2070	14.9142
2071	14.9718
2072	15.0624
2073	15.0048
2074	15.1611
2075	15.1364
2076	15.3093
2077	15.1447
2078	15.0294
2079	15.0624
2080	15.0459
2081	14.9471
2082	14.9471
2083	14.9471
2084	15.0788
2085	15.0459
2086	15.013
2087	15.013
2088	15.4328
2089	15.5809
2090	15.5809
2091	15.4245
2092	15.3834
2093	15.4328
2094	15.1529
2095	15.4163
2096	15.5809
2097	15.6961
2098	15.5974
2099	15.5809
2100	15.5727
2101	15.7373
2102	15.6468
2103	15.7126
2104	15.9266
2105	15.8772
2106	15.6385
2107	15.7208
2108	15.8196
2109	15.6797
2110	15.8937
2111	16.0089
2112	16.0501
2113	16.3958
2114	16.5274
2115	16.4122
2116	16.4369
2117	16.19
2118	16.297
2119	16.4122
2120	16.4369
2121	16.0418
2122	16.0007
2123	15.9595
2124	15.8361
2125	15.8361
2126	15.7949
2127	15.9266
2128	15.4821
2129	15.1694
2130	14.9389
2131	14.7249
2132	14.4615
2133	14.585
2134	14.6097
2135	15.0624
2136	15.2023
2137	14.9965
2138	14.8237
2139	14.3051
2140	14.5767
2141	14.5521
2142	14.8484
2143	14.8813
2144	14.9471
2145	15.227
2146	15.1776
2147	14.9142
2148	15.0624
2149	15.0294
2150	15.1694
2151	15.1282
2152	15.1776
2153	15.4986
2154	15.5151
2155	15.4739
2156	15.4739
2157	15.4739
2158	15.3093
2159	15.2846
2160	15.0953
2161	15.1282
2162	15.2599
2163	15.2105
2164	15.0871
2165	14.9718
2166	15.3916
2167	15.334
2168	14.8977
2169	14.8813
2170	14.8237
2171	14.5767
2172	14.5274
2173	14.5274
2174	14.5932
2175	14.585
2176	14.8977
2177	14.8566
2178	14.8401
2179	14.9801
2180	14.8977
2181	15.0624
2182	15.013
2183	15.3175
2184	15.334
2185	15.3587
2186	15.4739
2187	15.3916
2188	15.3834
2189	15.5315
2190	15.3916
2191	15.3175
2192	15.3669
2193	15.4492
2194	15.3422
2195	15.4574
2196	15.5151
2197	15.4328
2198	15.4245
2199	15.0953
2200	14.8237
2201	14.799
2202	14.8401
2203	14.6426
2204	14.5932
2205	15.0788
2206	15.3011
2207	15.1694
2208	15.0706
2209	15.1694
2210	14.9554
2211	14.8648
2212	14.9718
2213	14.906
2214	14.7825
2215	14.9389
2216	14.9801
2217	14.9224
2218	14.9801
2219	15.1529
2220	15.0788
2221	15.12
2222	15.0624
2223	14.7496
2224	14.7578
2225	14.8154
2226	14.9554
2227	15.1694
2228	15.1364
2229	14.9965
2230	15.1529
2231	14.8319
2232	14.8977
2233	15.0624
2234	15.0788
2235	14.6261
2236	14.7249
2237	14.5767
2238	14.9224
2239	14.6591
2240	14.7414
2241	14.5603
2242	14.4039
2243	14.7002
2244	14.9801
2245	14.7578
2246	14.1981
2247	14.5356
2248	14.3216
2249	14.0994
2250	13.6055
2251	14.0171
2252	13.9759
2253	13.8277
2254	13.9924
2255	13.8771
2256	13.8442
2257	13.8195
2258	13.6467
2259	13.6961
2260	13.7948
2261	13.9018
2262	14.0335
2263	14.1652
2264	13.8442
2265	13.803
2266	13.4656
2267	13.1775
2268	13.4574
2269	13.3504
2270	13.3421
2271	13.1199
2272	12.8401
2273	13.2681
2274	13.8689
2275	13.7207
2276	13.7043
2277	13.6796
2278	13.4656
2279	13.5232
2280	13.5644
2281	13.5314
2282	13.6302
2283	14.0747
2284	14.0911
2285	14.0911
2286	14.2804
2287	14.1981
2288	14.264
2289	14.1405
2290	14.264
2291	14.4368
2292	14.2887
2293	14.1652
2294	14.1158
2295	14.1405
2296	14.1487
2297	13.9101
2298	13.9512
2299	13.6714
2300	13.6384
2301	13.7619
2302	13.9924
2303	14.0747
2304	14.2969
2305	14.1076
2306	14.0911
2307	14.157
2308	14.0994
2309	13.9101
2310	13.6384
2311	13.4327
2312	13.6055
2313	13.7372
2314	13.8936
2315	13.8854
2316	13.729
2317	13.4903
2318	13.5644
2319	13.2351
2320	13.2187
2321	13.4656
2322	13.3997
2323	13.3668
2324	13.6714
2325	13.8771
2326	14.0006
2327	13.9347
2328	13.8771
2329	13.9924
2330	13.9512
2331	14.1817
2332	14.2557
2333	14.2146
2334	14.2228
2335	13.9594
2336	14.157
2337	13.8771
2338	13.8277
2339	13.7537
2340	13.6549
2341	13.7537
2342	13.7537
2343	13.7537
2344	13.7537
2345	13.7701
2346	13.7948
2347	13.7948
2348	13.7948
2349	13.6467
2350	13.5314
2351	13.2516
2352	13.3092
2353	13.0541
2354	12.8894
2355	12.6014
2356	12.6178
2357	12.5849
2358	12.1569
2359	12.0911
2360	11.9347
2361	11.6795
2362	10.8647
2363	11.128
2364	10.7494
2365	11.6877
2366	11.6877
2367	11.5643
2368	11.7783
2369	11.803
2370	11.5807
2371	11.9429
2372	11.9511
2373	11.2597
2374	11.2844
2375	11.0457
2376	11.0787
2377	10.914
2378	11.2515
2379	11.3667
2380	11.3667
2381	11.0951
2382	11.3667
2383	11.3503
2384	11.161
2385	11.268
2386	11.1445
2387	11.3174
2388	11.6301
2389	11.6137
2390	11.4655
2391	11.3256
2392	11.0457
2393	10.8153
2394	11.054
2395	10.7741
2396	10.6507
2397	10.5025
2398	10.9634
2399	11.128
2400	11.0046
2401	10.8811
2402	10.5519
2403	11.0787
2404	11.128
2405	11.1116
2406	11.1116
2407	11.1116
2408	11.5067
2409	11.4655
2410	11.5807
2411	11.5478
2412	11.482
2413	11.9511
2414	12.1898
2415	12.1075
2416	12.1404
2417	12.2639
2418	12.2145
2419	11.9758
2420	11.7289
2421	11.556
2422	11.4737
2423	11.5396
2424	11.7207
2425	11.6713
2426	12.0087
2427	11.8112
2428	11.7042
2429	11.6877
2430	11.7454
2431	11.8935
2432	12.0911
2433	12.0993
2434	12.1569
2435	12.1569
2436	12.4285
2437	12.445
2438	12.3544
2439	12.4038
2440	12.445
2441	12.3544
2442	12.4203
2443	12.4121
2444	12.5108
2445	12.552
2446	12.5437
2447	12.5684
2448	12.3462
2449	12.1651
2450	12.1404
2451	11.9182
2452	11.9017
2453	11.8441
2454	11.8277
2455	11.8112
2456	11.7947
2457	11.5807
2458	11.6548
2459	11.5643
2460	11.4326
2461	11.0622
2462	10.9717
2463	11.0046
2464	10.7741
2465	11.1116
2466	11.2762
2467	10.9881
2468	11.0622
2469	10.8317
2470	10.7577
2471	10.6836
2472	10.593
2473	10.3955
2474	10.6754
2475	10.2144
2476	10.165
2477	10.0169
2478	9.8852
2479	9.9922
2480	10.1239
2481	9.8276
2482	9.8523
2483	9.7535
2484	9.9593
2485	9.6383
2486	9.3255
2487	9.416
2488	9.1362
2489	9.2597
2490	9.5807
2491	10.0087
2492	9.9346
2493	9.8193
2494	10.2144
2495	10.0827
2496	9.877
2497	9.6465
2498	9.7535
2499	9.7947
2500	9.737
2501	9.4901
2502	9.2761
2503	9.663
2504	9.7453
2505	9.6547
2506	9.8029
2507	10.0169
2508	9.984
2509	9.6053
2510	9.4819
2511	9.5971
2512	9.556
2513	9.1773
2514	9.095
2515	8.8399
2516	9.1691
2517	9.0374
2518	9.1527
2519	9.2432
2520	9.4572
2521	9.5148
2522	9.4983
2523	9.7535
2524	9.7617
2525	9.4654
2526	9.1856
2527	9.663
2528	9.6465
2529	9.5066
2530	9.3255
2531	9.5642
2532	8.914
2533	8.9222
2534	8.5683
2535	8.4777
2536	9.4983
2537	9.4572
2538	9.416
2539	9.3996
2540	9.6877
2541	9.7288
2542	9.3337
2543	9.4325
2544	9.6218
2545	9.523
2546	10.1239
2547	9.5971
2548	9.663
2549	9.128
2550	8.8234
2551	7.6958
2552	8.4777
2553	8.9963
2554	8.5024
2555	7.9674
2556	8.1814
2557	8.453
2558	8.2308
2559	7.4818
2560	7.1855
2561	6.5682
2562	6.2719
2563	5.9591
2564	6.7904
2565	7.0785
2566	7.3995
2567	7.5394
2568	8.1896
2569	8.3378
2570	7.811
2571	7.8851
2572	7.7287
2573	7.0373
2574	6.7904
2575	6.8398
2576	6.8974
2577	6.5435
2578	6.4941
2579	6.1402
2580	5.9262
2581	5.8933
2582	6.4694
2583	6.6505
2584	6.4612
2585	6.6505
2586	6.6999
2587	6.2719
2588	6.667
2589	6.6752
2590	6.5764
2591	6.3542
2592	6.7904
2593	6.9221
2594	7.0456
2595	7.095
2596	6.848
2597	6.9303
2598	7.0785
2599	7.0867
2600	7.1773
2601	7.1279
2602	7.0291
2603	7.0373
2604	7.0373
2605	7.0373
2606	7.0373
2607	6.9303
2608	7.1279
2609	7.1279
2610	7.1279
2611	7.4324
2612	7.5723
2613	7.6382
2614	7.4242
2615	7.276
2616	7.1937
2617	6.881
2618	6.6093
2619	6.206
2620	6.1896
2621	6.0249
2622	5.8109
2623	5.4735
2624	5.3665
2625	5.3171
2626	5.3089
2627	5.5969
2628	5.7533
2629	6.206
2630	6.0249
2631	6.0332
2632	5.9015
2633	6.0249
2634	6.1731
2635	6.099
2636	6.1402
2637	6.1402
2638	5.9673
2639	5.8933
2640	5.7451
2641	5.6793
2642	5.3583
2643	4.9796
2644	5.1443
2645	5.1196
2646	4.7903
2647	4.6422
2648	4.5846
2649	4.6833
2650	4.9879
2651	4.7656
2652	4.3212
2653	4.2224
2654	4.3212
2655	4.0166
2656	3.8685
2657	3.852
2658	4.2142
2659	4.3459
2660	4.4693
2661	4.5763
2662	4.7821
2663	4.7903
2664	4.8397
2665	4.9056
2666	4.8809
2667	5.2019
2668	5.3089
2669	5.4076
2670	5.3912
2671	5.2101
2672	4.8068
2673	5.029
2674	5.2019
2675	5.7369
2676	5.8027
2677	5.8027
2678	5.7122
2679	5.8109
2680	6.4036
2681	6.4036
2682	6.4036
2683	6.7912
2684	6.6323
2685	6.7327
2686	6.8748
2687	6.5654
2688	6.4065
2689	6.649
2690	6.5654
2691	6.7494
2692	6.6323
2693	6.4901
2694	6.7159
2695	6.925
2696	6.925
2697	6.8999
2698	7.0421
2699	7.1425
2700	7.2177
2701	7.4436
2702	7.3265
2703	7.2428
2704	6.9083
2705	6.8581
2706	6.8581
2707	7.0672
2708	7.2596
2709	7.2763
2710	7.0756
2711	7.1759
2712	7.2428
2713	7.2512
2714	7.3599
2715	7.1927
2716	7.1759
2717	7.3683
2718	7.3934
2719	7.1425
2720	7.0923
2721	7.1759
2722	7.0505
2723	7.109
2724	7.2596
2725	7.3265
2726	7.4017
2727	7.201
2728	7.1174
2729	6.8916
2730	6.9668
2731	7.2219
2732	7.0588
2733	6.9627
2734	7.2847
2735	7.293
2736	7.3265
2737	7.5523
2738	7.477
2739	7.6276
2740	7.3599
2741	7.4645
2742	7.3516
2743	7.4185
2744	7.2763
2745	7.3976
2746	7.2219
2747	7.4268
2748	7.6192
2749	8.0165
2750	8.121
2751	8.1085
2752	8.2088
2753	8.0917
2754	8.1377
2755	8.3636
2756	8.397
2757	8.5685
2758	8.9532
2759	9.1414
2760	9.4675
2761	9.6348
2762	9.7101
2763	9.6139
2764	9.4425
2765	9.6014
2766	9.7979
2767	9.7561
2768	9.6599
2769	9.7728
2770	9.9192
2771	9.7979
2772	9.4341
2773	9.5052
2774	9.4801
2775	9.6934
2776	10.0028
2777	10.3374
2778	10.6343
2779	10.5464
2780	10.4879
2781	10.5088
2782	10.3624
2783	10.1701
2784	9.9777
2785	10.0237
2786	10.1784
2787	10.329
2788	10.3039
2789	10.3959
2790	10.2203
2791	10.2286
2792	10.2203
2793	10.237
2794	10.2955
2795	10.2704
2796	10.2119
2797	10.0781
2798	10.2035
2799	10.2579
2800	10.1199
2801	10.0739
2802	10.3457
2803	10.3248
2804	10.145
2805	9.8606
2806	9.6265
2807	9.8104
2808	10.1199
2809	10.1115
2810	10.3248
2811	10.2704
2812	10.2788
2813	10.145
2814	10.421
2815	10.3708
2816	10.2579
2817	10.4628
2818	10.3708
2819	10.4963
2820	10.4043
2821	10.4544
2822	10.4461
2823	10.4294
2824	10.1868
2825	10.5214
2826	10.2203
2827	10.2286
2828	9.9024
2829	10.0112
2830	10.1199
2831	10.1784
2832	10.3875
2833	10.4963
2834	10.7012
2835	10.697
2836	10.7681
2837	10.9479
2838	10.973
2839	11.0148
2840	10.7848
2841	10.6384
2842	10.9061
2843	10.8475
2844	10.8643
2845	10.4837
2846	10.6217
2847	10.4921
2848	10.697
2849	10.6886
2850	10.7472
2851	10.9061
2852	10.8726
2853	10.6594
2854	10.2621
2855	10.2621
2856	10.1868
2857	10.3164
2858	10.2872
2859	10.4963
2860	10.3624
2861	10.3248
2862	10.5088
2863	10.5966
2864	10.7472
2865	10.7472
2866	10.7472
2867	10.7053
2868	10.7095
2869	10.6468
2870	10.6468
2871	10.6468
2872	10.8475
2873	10.9228
2874	10.9646
2875	10.9144
2876	10.9981
2877	10.9228
2878	10.9186
2879	10.8308
2880	10.8475
2881	10.7137
2882	10.7137
2883	10.8141
2884	10.5214
2885	10.2035
2886	10.1617
2887	9.9694
2888	10.0614
2889	9.4215
2890	9.179
2891	9.2835
2892	9.2961
2893	9.4006
2894	9.0075
2895	8.3284
2896	8.0884
2897	8.1352
2898	8.2205
2899	8.4974
2900	8.3552
2901	8.315
2902	8.3636
2903	8.4472
2904	8.489
2905	8.5099
2906	8.5476
2907	8.4597
2908	8.1561
2909	8.0123
2910	7.85
2911	7.9872
2912	8.0148
2913	8.1444
2914	8.2941
2915	8.4137
2916	8.7483
2917	8.8737
2918	8.7901
2919	8.9072
2920	8.8403
2921	8.8486
2922	8.7566
2923	8.8528
2924	8.9072
2925	8.7483
2926	8.6396
2927	8.5183
2928	8.6688
2929	8.5517
2930	8.7525
2931	8.7274
2932	8.6897
2933	8.5476
2934	8.4723
2935	8.6814
2936	8.6814
2937	8.6814
2938	8.8152
2939	9.0828
2940	9.0326
2941	9.3755
2942	9.3546
2943	9.409
2944	9.4006
2945	9.4634
2946	9.2417
2947	9.2083
2948	9.3588
2949	9.1079
2950	8.8235
2951	8.8821
2952	8.9532
2953	8.4388
2954	8.0374
2955	8.2958
2956	8.3159
2957	8.2297
2958	7.605
2959	7.3273
2960	6.9785
2961	6.7168
2962	8.1963
2963	7.9454
2964	8.0265
2965	7.9454
2966	7.3432
2967	7.2127
2968	7.5523
2969	7.2654
2970	7.0772
2971	7.2989
2972	7.1508
2973	6.8305
2974	6.8498
2975	7.1007
2976	7.2136
2977	7.1257
2978	7.0237
2979	6.9351
2980	6.9091
2981	6.4366
2982	6.3078
2983	6.194
2984	6.3864
2985	6.7118
2986	7.0839
2987	7.1592
2988	7.3064
2989	7.3189
2990	7.4135
2991	7.8283
2992	7.8701
2993	7.7338
2994	7.6309
2995	7.3348
2996	7.3741
2997	7.5289
2998	6.9836
2999	7.2027
3000	7.1191
3001	7.1257
3002	7.0923
3003	7.3683
3004	7.8291
3005	7.9872
3006	8.0708
3007	7.9604
3008	8.1796
3009	8.1787
3010	8.0039
3011	7.8701
3012	7.7948
3013	7.9437
3014	7.8826
3015	8.152
3016	8.2297
3017	8.4388
3018	8.8403
3019	8.7943
3020	8.7608
3021	8.6437
3022	8.9615
3023	9.0243
3024	8.9992
3025	8.9657
3026	8.7859
3027	8.8905
3028	8.8445
3029	8.4388
3030	8.3719
3031	8.2682
3032	8.1963
3033	8.3217
3034	8.3343
3035	8.223
3036	8.0876
3037	8.2222
3038	8.0541
3039	7.8291
3040	7.8952
3041	7.9512
3042	7.9454
3043	7.9588
3044	8.3117
3045	8.2716
3046	8.3443
3047	8.3477
3048	8.1662
3049	8.2381
3050	8.397
3051	8.3886
3052	8.5308
3053	8.5476
3054	8.4932
3055	8.4723
3056	8.3677
3057	8.5225
3058	8.5601
3059	8.4472
3060	8.4221
3061	8.627
3062	8.4765
3063	8.3803
3064	8.2214
3065	8.2841
3066	8.1561
3067	8.07
3068	8.3426
3069	8.346
3070	8.305
3071	8.2791
3072	8.1411
3073	8.1126
3074	8.305
3075	8.1653
3076	8.2632
3077	8.2966
3078	8.3493
3079	8.3552
3080	8.1963
3081	8.177
3082	8.0817
3083	8.0574
3084	7.8551
3085	7.8116
3086	7.9036
3087	7.6192
3088	7.7053
3089	7.4394
3090	7.385
3091	7.2907
3092	7.1819
3093	7.289
3094	7.0914
3095	7.0383
3096	7.2402
3097	7.3334
3098	7.1253
3099	7.1558
3100	7.2602
3101	7.1906
3102	6.912
3103	6.6422
3104	6.7022
3105	6.7379
3106	6.5769
3107	6.2931
3108	6.1608
3109	6.61
3110	6.8842
3111	6.9712
3112	6.7684
3113	6.7553
3114	6.9556
3115	7.0983
3116	7.0043
3117	6.9747
3118	6.9556
3119	6.818
3120	6.7902
3121	6.6073
3122	6.7127
3123	6.919
3124	6.8816
3125	6.7989
3126	6.7989
3127	6.6422
3128	6.6248
3129	6.6718
3130	6.5812
3131	6.5812
3132	6.616
3133	6.616
3134	6.5316
3135	6.3906
3136	6.2295
3137	6.0241
3138	6.1547
3139	6.7632
3140	7.1906
3141	7.255
3142	7.1401
3143	7.524
3144	7.5371
3145	7.6389
3146	7.8957
3147	7.9044
3148	7.6737
3149	7.6668
3150	7.9044
3151	7.7425
3152	7.8061
3153	8.102
3154	8.0907
3155	7.8583
3156	7.7721
3157	7.8609
3158	7.8783
3159	7.8444
3160	7.6833
3161	7.7782
3162	7.7042
3163	7.8069
3164	8.1238
3165	8.2083
3166	8.1212
3167	7.8783
3168	7.7547
3169	7.6894
3170	7.625
3171	7.8078
3172	7.7878
3173	7.6798
3174	7.5937
3175	7.4875
3176	7.3987
3177	7.2985
3178	7.3812
3179	7.4483
3180	7.3194
3181	7.4169
3182	7.6711
3183	7.739
3184	7.4309
3185	7.5432
3186	7.4692
3187	7.7042
3188	7.7826
3189	7.7913
3190	7.8862
3191	7.7887
3192	7.8217
3193	7.7042
3194	7.6781
3195	7.4526
3196	7.6347
3197	7.6312
3198	7.548
3199	7.7879
3200	7.8091
3201	7.7817
3202	7.7888
3203	7.7135
3204	7.6719
3205	7.4709
3206	7.3576
3207	7.1443
3208	7.1947
3209	7.3266
3210	7.424
3211	7.424
3212	7.424
3213	7.4488
3214	7.5497
3215	7.663
3216	7.6666
3217	7.7144
3218	7.6684
3219	7.5736
3220	7.4594
3221	7.4709
3222	7.2461
3223	7.3001
3224	7.3266
3225	7.2594
3226	7.1195
3227	7.1655
3228	7.1363
3229	7.1992
3230	7.1637
3231	7.0283
3232	6.8574
3233	6.8565
3234	6.9256
3235	6.938
3236	6.9761
3237	6.9646
3238	7.1841
3239	7.0433
3240	7.0159
3241	7.1115
3242	6.9212
3243	6.9318
3244	6.8548
3245	6.861
3246	6.6972
3247	6.6883
3248	6.845
3249	6.6397
3250	6.6618
3251	7.0309
3252	6.9327
3253	7.1151
3254	7.085
3255	6.6981
3256	6.6264
3257	6.7273
3258	6.8344
3259	6.9893
3260	7.162
3261	7.3851
3262	7.3222
3263	7.2018
3264	7.0212
3265	7.0026
3266	6.6574
3267	6.3873
3268	6.4334
3269	6.4537
3270	6.4723
3271	6.3714
3272	6.2227
3273	6.29
3274	6.5644
3275	6.9283
3276	6.861
3277	6.6219
3278	6.6042
3279	6.4157
3280	6.5263
3281	6.506
3282	6.197
3283	6.0226
3284	5.973
3285	5.7269
3286	5.7455
3287	5.6437
3288	5.587
3289	5.1497
3290	5.3586
3291	5.6924
3292	5.7579
3293	5.7517
3294	5.7322
3295	5.402
3296	5.286
3297	5.3471
3298	5.2931
3299	5.3498
3300	5.3108
3301	5.2232
3302	5.3781
3303	5.3932
3304	5.6109
3305	5.6304
3306	5.3471
3307	5.0373
3308	4.9532
3309	5.0638
3310	5.1515
3311	4.8106
3312	4.5539
3313	4.7814
3314	4.9142
3315	5.1789
3316	5.2675
3317	5.1178
3318	5.225
3319	5.0461
3320	4.7708
3321	5.024
3322	5.2152
3323	5.5224
3324	5.4525
3325	5.5685
3326	5.5688
3327	5.3705
3328	5.3138
3329	5.5652
3330	5.7202
3331	5.8121
3332	5.8751
3333	5.8121
3334	6.0427
3335	5.8562
3336	5.8166
3337	5.74
3338	5.6859
3339	5.8157
3340	5.5291
3341	5.6679
3342	5.767
3343	5.6859
3344	5.612
3345	6.1851
3346	6.241
3347	5.913
3348	5.6769
3349	5.5553
3350	5.676
3351	5.5192
3352	5.4687
3353	5.4787
3354	5.3345
3355	5.3084
3356	5.5616
3357	5.3813
3358	5.2264
3359	5.3192
3360	5.3074
3361	5.3363
3362	5.1507
3363	5.0533
3364	4.9533
3365	4.9758
3366	5.0488
3367	5.3615
3368	5.3417
3369	5.6535
3370	5.6048
3371	5.8139
3372	5.9734
3373	6.0463
3374	5.9256
3375	5.74
3376	5.8751
3377	5.6445
3378	5.5147
3379	5.4192
3380	5.5489
3381	5.5417
3382	5.5868
3383	5.8301
3384	5.8121
3385	5.8941
3386	5.9436
3387	5.9436
3388	5.9382
3389	5.7625
3390	5.8932
3391	6.0193
3392	6.1229
3393	6.159
3394	5.9779
3395	5.6769
3396	5.6129
3397	5.4606
3398	5.6634
3399	5.6625
3400	5.7048
3401	5.7661
3402	5.8058
3403	5.8842
3404	5.8031
3405	6.0824
3406	6.0923
3407	6.1734
3408	6.1545
3409	6.1265
3410	6.2788
3411	6.2167
3412	6.0698
3413	6.0139
3414	6.2094
3415	6.3527
3416	6.4807
3417	6.5068
3418	6.5374
3419	6.5068
3420	6.5735
3421	6.4338
3422	6.4338
3423	6.4194
3424	6.3888
3425	6.1274
3426	6.2176
3427	6.3978
3428	6.3707
3429	6.2067
3430	6.1013
3431	6.104
3432	6.0905
3433	6.0824
3434	6.0635
3435	6.1365
3436	6.1401
3437	6.0319
3438	5.7048
3439	5.6814
3440	5.8751
3441	5.8175
3442	5.676
3443	5.8508
3444	5.8589
3445	5.9022
3446	6.0058
3447	6.0806
3448	6.0193
3449	5.8436
3450	5.6886
3451	5.6237
3452	5.5444
3453	5.4606
3454	5.3399
3455	5.2759
3456	5.3768
3457	5.3831
3458	5.1398
3459	5.0551
3460	5.0488
3461	5.0488
3462	5.0488
3463	4.8659
3464	5.0497
3465	4.9596
3466	4.8046
3467	4.7421
3468	4.9197
3469	4.7688
3470	4.5535
3471	4.6915
3472	4.6013
3473	4.7394
3474	4.8443
3475	4.7421
3476	4.8029
3477	4.6989
3478	4.6989
3479	4.5424
3480	4.4937
3481	4.6243
3482	4.8728
3483	4.8397
3484	4.6105
3485	4.8866
3486	4.825
3487	4.6455
3488	4.5314
3489	4.513
3490	4.3869
3491	4.5489
3492	4.4964
3493	4.6115
3494	4.4246
3495	4.536
3496	4.5369
3497	4.3832
3498	4.2682
3499	4.2075
3500	4.2351
3501	4.2838
3502	4.4633
3503	4.4927
3504	4.6363
3505	4.6897
3506	4.7412
3507	4.7412
3508	4.7339
3509	4.7946
3510	4.8397
3511	4.8323
3512	4.6289
3513	4.7486
3514	4.9096
3515	4.8848
3516	4.9308
3517	4.6612
3518	4.582
3519	4.6796
3520	4.7523
3521	5.1802
3522	5.1857
3523	5.3283
3524	5.2768
3525	5.0228
3526	4.7679
3527	4.7026
3528	4.6473
3529	4.7559
3530	4.6354
3531	4.675
3532	4.5296
3533	4.5526
3534	4.5645
3535	4.6013
3536	4.2424
3537	4.2535
3538	4.0768
3539	4.0814
3540	4.5167
3541	4.7394
3542	4.9418
3543	4.8995
3544	4.859
3545	4.547
3546	4.9225
3547	5.1443
3548	5.2823
3549	5.2639
3550	5.2078
3551	5.1903
3552	5.2133
3553	5.2639
3554	5.2823
3555	5.4848
3556	5.5584
3557	5.4388
3558	5.5032
3559	5.3495
3560	5.2547
3561	5.2713
3562	5.3725
3563	5.3541
3564	5.3771
3565	5.2961
3566	5.5888
3567	5.5952
3568	5.5768
3569	5.5851
3570	5.8805
3571	5.9909
3572	5.9725
3573	6.0462
3574	6.1014
3575	5.9919
3576	6.1474
3577	6.14
3578	5.9633
3579	5.9385
3580	5.8124
3581	6.0277
3582	5.9541
3583	5.9992
3584	5.7093
3585	5.7333
3586	5.6256
3587	5.6864
3588	5.7387
3589	5.664
3590	5.6303
3591	5.8135
3592	5.7621
3593	5.6275
3594	5.535
3595	5.6247
3596	5.5424
3597	5.5668
3598	5.8995
3599	6.2285
3600	6.2154
3601	6.0266
3602	5.9724
3603	5.8817
3604	5.8864
3605	5.8425
3606	5.8742
3607	5.8238
3608	5.9088
3609	6.0163
3610	6.0313
3611	6.0771
3612	5.9182
3613	5.9154
3614	5.6957
3615	5.692
3616	5.692
3617	5.6266
3618	5.8191
3619	5.8275
3620	5.8612
3621	5.7135
3622	5.8649
3623	5.8883
3624	5.9397
3625	6.0098
3626	6.0378
3627	6.0004
3628	5.9939
3629	5.9359
3630	6.1201
3631	6.0976
3632	6.0752
3633	6.1238
3634	6.1593
3635	6.1995
3636	6.1406
3637	6.0808
3638	6.1874
3639	6.2593
3640	6.3107
3641	6.3556
3642	6.3836
3643	6.4378
3644	6.5378
3645	6.5425
3646	6.5687
3647	6.5612
3648	6.5612
3649	6.5612
3650	6.5799
3651	6.4677
3652	6.5051
3653	6.5051
3654	6.8108
3655	6.7715
3656	6.8397
3657	6.922
3658	6.964
3659	7.1968
3660	7.1697
3661	7.2248
3662	7.2295
3663	7.1874
3664	7.2613
3665	7.2669
3666	7.2622
3667	7.3043
3668	7.2388
3669	7.1594
3670	7.2444
3671	7.3005
3672	7.2753
3673	7.2005
3674	7.0388
3675	6.8463
3676	6.8341
3677	6.5117
3678	6.664
3679	6.6594
3680	6.622
3681	6.9164
3682	6.8631
3683	7.0846
3684	7.193
3685	7.0996
3686	7.0341
3687	7.0061
3688	7.15
3689	7.1024
3690	6.9519
3691	7.0743
3692	7.0715
3693	6.7827
3694	6.8986
3695	6.9454
3696	6.8295
3697	6.8453
3698	6.9631
3699	6.908
3700	6.9164
3701	7.1949
3702	7.1613
3703	7.107
3704	7.1033
3705	7.2715
3706	7.2809
3707	7.093
3708	6.7538
3709	6.9136
3710	6.8827
3711	6.8201
3712	6.5743
3713	6.3565
3714	6.3285
3715	6.321
3716	6.321
3717	6.321
3718	6.4668
3719	6.2958
3720	6.2406
3721	6.1958
3722	6.1903
3723	6.3549
3724	6.627
3725	6.6517
3726	6.4938
3727	6.4681
3728	6.4624
3729	6.4025
3730	6.3987
3731	6.4976
3732	6.5756
3733	6.8934
3734	6.9742
3735	6.9467
3736	6.8496
3737	7.058
3738	7.0113
3739	7.0113
3740	7.0113
3741	7.1322
3742	7.0484
3743	7.1674
3744	7.1559
3745	7.1921
3746	7.1284
3747	7.0266
3748	7.0323
3749	7.1008
3750	7.0779
3751	7.0465
3752	6.9638
3753	6.8753
3754	6.861
3755	6.8287
3756	6.763
3757	6.8401
3758	6.9733
3759	6.9362
3760	6.9638
3761	6.8943
3762	6.8325
3763	6.9238
3764	6.8249
3765	6.6984
3766	6.7145
3767	6.6051
3768	6.4719
3769	6.4215
3770	6.3844
3771	6.4168
3772	6.4729
3773	6.5109
3774	6.4072
3775	6.1428
3776	6.0343
3777	5.9668
3778	6.0534
3779	6.2722
3780	6.2189
3781	6.1314
3782	6.2246
3783	6.1913
3784	6.1209
3785	6.3578
3786	6.2027
3787	6.2978
3788	6.2655
3789	6.1076
3790	6.1276
3791	6.0124
3792	6.0524
3793	5.9401
3794	5.9934
3795	6.1647
3796	6.1466
3797	6.1276
3798	6.3378
3799	6.5081
3800	6.6127
3801	6.7307
3802	6.7269
3803	6.7364
3804	6.7716
3805	6.8648
3806	6.8877
3807	6.8306
3808	6.7611
3809	6.7897
3810	6.9257
3811	7.0903
3812	7.0741
3813	7.135
3814	7.2016
3815	7.1569
3816	7.2844
3817	7.0951
3818	6.999
3819	6.9448
3820	7.0875
3821	7.2406
3822	7.1626
3823	6.8953
3824	6.9257
3825	6.9847
3826	6.8686
3827	7.0228
3828	7.0513
3829	7.115
3830	7.1931
3831	7.2682
3832	7.2482
3833	7.4176
3834	7.5156
3835	7.5584
3836	7.5603
3837	7.6031
3838	7.6012
3839	7.7991
3840	7.858
3841	7.8942
3842	7.8447
3843	7.9094
3844	8.0102
3845	8.016
3846	7.9532
3847	7.9539
3848	8.1657
3849	8.1907
3850	8.1147
3851	8.2697
3852	8.2225
3853	8.1301
3854	8.2476
3855	8.5124
3856	8.5576
3857	8.6087
3858	8.7261
3859	8.8927
3860	8.8841
3861	8.9852
3862	8.9746
3863	8.9669
3864	8.6385
3865	8.7213
3866	8.522
3867	8.2851
3868	8.3583
3869	8.2466
3870	8.3092
3871	8.2572
3872	8.2832
3873	8.1272
3874	8.2167
3875	8.2273
3876	8.1368
3877	8.2167
3878	8.1233
3879	8.0396
3880	8.1339
3881	8.1137
3882	8.2543
3883	8.0925
3884	8.0405
3885	8.0675
3886	8.1696
3887	8.2283
3888	8.2899
3889	8.4344
3890	8.5268
3891	8.4681
3892	8.417
3893	8.339
3894	8.2572
3895	8.0453
3896	8.0848
3897	8.1599
3898	8.0781
3899	7.9731
3900	7.9057
3901	7.9221
3902	8.1079
3903	7.9818
3904	8.1503
3905	8.3882
3906	8.4584
3907	8.5018
3908	8.5364
3909	8.5364
3910	8.5364
3911	8.6376
3912	8.6183
3913	8.6164
3914	8.6164
3915	8.4286
3916	8.4016
3917	8.4912
3918	8.9755
3919	9.0381
3920	8.9515
3921	8.9659
3922	9.1402
3923	9.1874
3924	9.5581
3925	9.3174
3926	9.3501
3927	9.302
3928	9.1903
3929	9.0738
3930	8.9842
3931	8.522
3932	8.3294
3933	8.4652
3934	8.4315
3935	8.5133
3936	8.5316
3937	8.2456
3938	8.339
3939	8.4546
3940	8.6289
3941	8.7146
3942	8.5528
3943	8.7059
3944	8.6587
3945	8.6241
3946	8.6106
3947	8.6741
3948	8.573
3949	8.5846
3950	8.5904
3951	8.5701
3952	8.7358
3953	8.8253
3954	8.7502
3955	8.6982
3956	8.6616
3957	8.4113
3958	8.6963
3959	8.8494
3960	8.8581
3961	8.6761
3962	8.7435
3963	8.6953
3964	8.6
3965	8.5027
3966	8.3795
3967	8.4681
3968	8.5461
3969	8.5413
3970	8.4382
3971	8.3959
3972	8.2764
3973	8.2774
3974	8.4469
3975	8.4334
3976	8.5624
3977	8.5595
3978	8.748
3979	8.7372
3980	9.0524
3981	9.1113
3982	9.0239
3983	8.965
3984	8.9375
3985	8.7392
3986	8.6537
3987	8.6842
3988	8.5615
3989	8.7146
3990	8.6685
3991	8.6685
3992	8.6685
3993	8.7814
3994	8.7352
3995	8.8364
3996	8.6528
3997	8.639
3998	8.7833
3999	8.6842
4000	8.6842
4001	8.6861
4002	8.6636
4003	8.6351
4004	8.6105
4005	8.8531
4006	8.7775
4007	8.8167
4008	8.8354
4009	8.855
4010	8.6056
4011	8.7372
4012	8.6969
4013	8.7578
4014	8.8835
4015	8.9552
4016	9.0121
4017	9.124
4018	9.1741
4019	9.2242
4020	9.1829
4021	9.233
4022	9.232
4023	9.2085
4024	9.2242
4025	9.452
4026	9.72
4027	9.7347
4028	9.6837
4029	9.5639
4030	9.5374
4031	9.5698
4032	9.4117
4033	9.4068
4034	9.4009
4035	9.5335
4036	9.4618
4037	9.4284
4038	9.398
4039	9.2831
4040	9.2095
4041	9.1898
4042	9.1397
4043	9.3175
4044	9.3204
4045	9.4628
4046	9.3607
4047	9.233
4048	9.0563
4049	9.1672
4050	8.91
4051	8.8727
4052	8.9404
4053	8.8305
4054	8.9777
4055	8.8364
4056	8.8108
4057	8.7529
4058	8.9768
4059	9.0337
4060	9.2517
4061	9.2782
4062	9.2134
4063	9.2419
4064	9.342
4065	9.0514
4066	8.8825
4067	8.8658
4068	8.7421
4069	8.6547
4070	8.4849
4071	8.532
4072	8.5448
4073	8.6017
4074	8.6793
4075	8.6351
4076	8.5477
4077	8.6871
4078	8.7087
4079	8.7077
4080	8.8658
4081	8.8059
4082	9.0445
4083	9.1771
4084	9.182
4085	9.0592
4086	9.0425
4087	9.0602
4088	9.0907
4089	9.2635
4090	9.5904
4091	9.5747
4092	9.5462
4093	9.396
4094	9.4637
4095	9.4343
4096	9.4333
4097	9.3665
4098	9.343
4099	9.4529
4100	9.5796
4101	9.5433
4102	9.4667
4103	9.3351
4104	9.4196
4105	9.3911
4106	9.4971
4107	9.306
4108	9.4555
4109	9.4981
4110	9.1555
4111	9.2723
4112	9.3129
4113	9.1209
4114	9.0308
4115	8.9991
4116	8.9397
4117	8.9823
4118	8.9387
4119	8.6328
4120	8.4833
4121	8.6981
4122	8.6962
4123	8.9318
4124	8.9981
4125	9.0734
4126	9.1436
4127	8.9674
4128	9.0981
4129	8.7278
4130	8.6041
4131	8.8189
4132	8.6902
4133	8.5011
4134	8.6338
4135	8.5902
4136	8.4279
4137	8.5467
4138	8.6071
4139	8.3804
4140	8.3922
4141	8.4338
4142	8.5764
4143	8.6754
4144	8.5566
4145	8.0834
4146	8.3002
4147	8.3952
4148	8.4635
4149	8.4477
4150	8.4902
4151	8.5516
4152	8.4219
4153	8.5199
4154	8.5754
4155	8.2853
4156	8.5744
4157	8.4744
4158	8.2457
4159	8.1487
4160	8.1329
4161	7.8665
4162	7.6448
4163	7.7774
4164	7.7032
4165	7.9457
4166	7.9002
4167	7.905
4168	8.041
4169	8.024
4170	8.024
4171	8.024
4172	7.968
4173	7.857
4174	7.854
