1	42.534
2	44.797
3	45.773
4	48.445
5	47.088
6	48.53
7	47.555
8	45.688
9	42.337
10	39.282
11	41.064
12	42.04
13	43.1
14	42.252
15	41.276
16	39.791
17	39.579
18	38.943
19	39.452
20	40.317
21	42.294
22	42.506
23	41.573
24	40.682
25	40.979
26	41.234
27	41.573
28	41.106
29	40.513
30	40.131
31	40.003
32	39.282
33	41.022
34	40.725
35	40.852
36	39.961
37	39.452
38	40.003
39	41.743
40	40.767
41	40.343
42	39.113
43	39.197
44	39.282
45	39.282
46	40.767
47	39.919
48	39.113
49	40.47
50	41.403
51	43.355
52	43.524
53	44.627
54	44.034
55	42.761
56	44.203
57	43.864
58	42.337
59	41.361
60	42.591
61	41.573
62	41.997
63	41.403
64	40.428
65	40.937
66	40.937
67	40.937
68	41.531
69	41.446
70	40.979
71	43.216
72	42.522
73	42.158
74	41.69
75	41.387
76	41.135
77	40.936
78	39.098
79	42.002
80	44.299
81	45.34
82	44.863
83	46.727
84	47.117
85	47.247
86	47.68
87	47.941
88	49.068
89	47.117
90	47.412
91	47.941
92	47.334
93	48.374
94	47.204
95	47.204
96	46.293
97	45.73
98	45.583
99	46.883
100	47.247
101	46.38
102	46.38
103	45.149
104	44.82
105	43.953
106	43.346
107	43.693
108	44.43
109	45.08
110	45.08
111	45.756
112	46.77
113	45.86
114	46.666
115	45.47
116	45.687
117	45.86
118	46.033
119	46.683
120	46.987
121	47.767
122	49.414
123	49.354
124	48.634
125	49.128
126	48.894
127	49.241
128	50.498
129	51.278
130	52.622
131	52.865
132	54.052
133	53.619
134	53.055
135	55.049
136	57.91
137	57.529
138	55.656
139	56.35
140	56.176
141	54.963
142	55.916
143	54.442
144	53.359
145	53.055
146	53.706
147	52.232
148	52.145
149	53.073
150	51.105
151	51.322
152	50.368
153	50.845
154	52.925
155	51.365
156	52.015
157	52.882
158	51.928
159	51.668
160	53.359
161	55.309
162	55.829
163	55.535
164	54.876
165	54.182
166	55.309
167	57.823
168	57.78
169	57.65
170	57.693
171	57.737
172	56.783
173	56.09
174	56.263
175	54.72
176	56.133
177	56.74
178	56.497
179	55.838
180	56.107
181	56.696
182	56.176
183	56.055
184	55.821
185	55.786
186	55.093
187	53.922
188	54.139
189	54.529
190	53.836
191	53.359
192	53.489
193	54.529
194	54.226
195	54.486
196	54.572
197	55.934
198	57.217
199	57.26
200	57.477
201	57.043
202	57.13
203	56.61
204	56.09
205	56.35
206	54.963
207	55.136
208	56.956
209	57
210	57.217
211	58.534
212	58.907
213	57.563
214	56.09
215	57.633
216	59.124
217	59.384
218	59.124
219	59.817
220	60.467
221	60.294
222	59.8
223	60.381
224	60.598
225	61.594
226	60.988
227	60.554
228	60.684
229	61.204
230	60.251
231	60.121
232	57.563
233	58.95
234	58.17
235	58.517
236	57.113
237	56.35
238	56.74
239	57.39
240	57.823
241	60.641
242	59.687
243	59.471
244	59.297
245	59.644
246	60.424
247	61.291
248	61.464
249	60.554
250	61.282
251	60.641
252	59.774
253	59.471
254	61.074
255	69.397
256	69.397
257	73.341
258	73.601
259	72.821
260	72.691
261	72.691
262	68.573
263	68.01
264	69.787
265	71.434
266	73.341
267	71.997
268	72.171
269	70.134
270	72.171
271	73.428
272	74.468
273	74.165
274	72.89
275	72.769
276	71.625
277	69.613
278	68.183
279	68.564
280	68.747
281	68.66
282	66.493
283	67.88
284	71.261
285	72.258
286	71.217
287	70.87
288	70.697
289	72.561
290	72.778
291	73.601
292	72.951
293	70.87
294	70.394
295	69.527
296	70.22
297	73.688
298	76.618
299	78.005
300	75.812
301	77.156
302	76.202
303	75.769
304	74.286
305	76.289
306	75.899
307	75.569
308	81.013
309	80.034
310	71.001
311	64.672
312	63.068
313	63.415
314	62.938
315	63.068
316	65.105
317	62.852
318	61.768
319	62.071
320	61.031
321	62.591
322	61.638
323	63.198
324	61.941
325	60.944
326	60.207
327	63.632
328	66.449
329	69.18
330	66.536
331	68.313
332	66.449
333	66.536
334	67.229
335	67.403
336	67.533
337	64.065
338	63.372
339	63.762
340	64.455
341	64.455
342	64.455
343	64.629
344	63.979
345	63.415
346	64.065
347	64.065
348	64.759
349	63.979
350	65.626
351	65.972
352	66.822
353	67.229
354	67.793
355	69.007
356	69.31
357	69.267
358	71.954
359	71.087
360	71.694
361	69.613
362	69.44
363	70.654
364	69.31
365	69.613
366	67.143
367	68.27
368	69.7
369	71.781
370	73.359
371	74.728
372	74.555
373	74.598
374	74.512
375	75.118
376	74.988
377	74.902
378	76.289
379	78.109
380	76.549
381	75.812
382	75.205
383	73.775
384	72.604
385	72.344
386	71.954
387	73.341
388	73.818
389	75.725
390	75.595
391	74.902
392	76.722
393	76.635
394	77.546
395	77.069
396	77.762
397	78.803
398	79.193
399	77.156
400	78.369
401	81.057
402	84.091
403	84.351
404	83.224
405	84.654
406	85.045
407	85.305
408	86.302
409	84.264
410	84.004
411	83.051
412	84.178
413	82.27
414	84.654
415	83.137
416	81.924
417	84.438
418	85.131
419	84.308
420	84.785
421	84.524
422	84.178
423	85.825
424	89.032
425	86.388
426	84.524
427	83.501
428	84.871
429	87.905
430	86.172
431	86.172
432	85.781
433	85.695
434	84.221
435	85.305
436	85.478
437	84.915
438	84.958
439	83.224
440	84.004
441	84.091
442	84.785
443	82.227
444	82.444
445	83.007
446	82.791
447	83.658
448	83.311
449	82.097
450	82.357
451	81.057
452	80.797
453	81.924
454	83.224
455	83.744
456	81.49
457	81.664
458	81.664
459	84.438
460	85.001
461	83.224
462	82.097
463	79.583
464	74.555
465	74.382
466	74.988
467	75.769
468	76.722
469	73.818
470	77.658
471	80.277
472	79.54
473	80.927
474	80.623
475	80.45
476	80.493
477	81.274
478	84.091
479	83.744
480	85.305
481	86.258
482	85.651
483	85.045
484	84.698
485	85.998
486	84.871
487	83.007
488	85.608
489	85.738
490	83.918
491	83.267
492	81.49
493	80.623
494	77.372
495	76.202
496	77.459
497	78.023
498	76.505
499	74.728
500	72.301
501	74.555
502	71.261
503	74.945
504	78.586
505	77.156
506	78.153
507	81.317
508	80.19
509	80.016
510	75.639
511	72.474
512	74.555
513	76.263
514	72.994
515	73.991
516	74.988
517	74.988
518	74.988
519	76.029
520	76.982
521	76.982
522	76.982
523	74.988
524	76.289
525	79.583
526	78.716
527	78.499
528	79.02
529	79.583
530	82.054
531	81.23
532	81.924
533	81.143
534	84.524
535	85.911
536	85.478
537	86.397
538	86.952
539	88.946
540	89.188
541	87.455
542	90.983
543	90.116
544	89.856
545	84.958
546	83.831
547	83.311
548	86.085
549	86.042
550	85.911
551	86.172
552	86.648
553	87.038
554	84.481
555	84.542
556	83.181
557	83.051
558	82.834
559	79.15
560	78.023
561	76.115
562	77.589
563	78.803
564	78.023
565	75.508
566	76.809
567	76.722
568	79.626
569	78.543
570	79.323
571	78.023
572	74.988
573	74.988
574	71.174
575	71.521
576	69.57
577	68.4
578	70.74
579	67.706
580	64.152
581	66.753
582	70.914
583	73.298
584	72.214
585	73.341
586	74.988
587	72.648
588	69.787
589	70.567
590	72.604
591	72.821
592	71.911
593	73.775
594	74.642
595	75.855
596	75.855
597	75.855
598	74.728
599	78.023
600	77.849
601	76.419
602	75.682
603	76.679
604	77.416
605	78.109
606	79.236
607	79.54
608	79.54
609	78.023
610	77.589
611	78.196
612	77.762
613	78.439
614	78.543
615	80.485
616	79.67
617	78.889
618	79.583
619	79.245
620	81.317
621	80.753
622	81.577
623	81.49
624	81.057
625	81.23
626	79.323
627	79.453
628	78.976
629	78.586
630	78.543
631	77.156
632	77.762
633	78.014
634	77.502
635	77.156
636	77.156
637	76.722
638	74.555
639	75.075
640	74.564
641	73.688
642	73.255
643	74.858
644	74.208
645	75.248
646	75.595
647	76.289
648	73.948
649	74.382
650	73.948
651	73.168
652	74.425
653	74.425
654	73.879
655	72.561
656	70.35
657	69.787
658	69.267
659	67.516
660	69.96
661	71.607
662	71.174
663	70.394
664	69.007
665	70.437
666	69.31
667	69.18
668	67.576
669	65.452
670	66.753
671	68.14
672	68.747
673	69.345
674	67.706
675	67.836
676	68.14
677	67.316
678	68.27
679	67.229
680	65.929
681	64.542
682	65.019
683	66.406
684	66.666
685	67.099
686	65.105
687	64.542
688	65.669
689	66.623
690	66.059
691	68.4
692	69.223
693	67.186
694	67.359
695	65.712
696	65.886
697	64.845
698	65.886
699	64.152
700	61.421
701	57.823
702	56.35
703	49.804
704	50.888
705	52.925
706	49.804
707	50.801
708	48.504
709	43.866
710	40.355
711	43.129
712	47.507
713	48.331
714	48.157
715	48.937
716	51.885
717	49.328
718	50.541
719	50.975
720	53.749
721	53.836
722	53.229
723	52.882
724	53.055
725	55.873
726	55.049
727	52.362
728	53.315
729	53.922
730	53.315
731	51.712
732	51.798
733	52.622
734	54.096
735	53.662
736	55.266
737	53.489
738	50.541
739	53.315
740	54.876
741	55.873
742	58.647
743	58.864
744	60.641
745	61.898
746	61.326
747	60.207
748	63.545
749	62.852
750	64.412
751	64.152
752	65.842
753	64.629
754	64.585
755	64.499
756	63.805
757	64.135
758	64.585
759	63.372
760	62.201
761	62.678
762	61.811
763	62.635
764	65.409
765	66.969
766	66.839
767	66.042
768	66.059
769	64.819
770	64.152
771	64.109
772	65.626
773	66.102
774	65.452
775	65.192
776	66.059
777	66.059
778	66.059
779	66.059
780	68.356
781	68.747
782	68.747
783	68.747
784	68.573
785	69.613
786	71.07
787	70.004
788	68.486
789	68.573
790	67.836
791	68.4
792	66.753
793	66.623
794	65.279
795	67.62
796	67.446
797	65.929
798	65.886
799	66.319
800	66.666
801	65.236
802	65.019
803	63.458
804	61.291
805	62.158
806	62.852
807	60.684
808	58.326
809	57.884
810	59.471
811	58.387
812	59.575
813	58.777
814	58.968
815	60.771
816	59.514
817	58.647
818	55.829
819	54.833
820	56.35
821	56.306
822	56.87
823	57.477
824	58.43
825	59.21
826	59.817
827	62.852
828	63.025
829	63.805
830	63.458
831	64.152
832	64.152
833	62.808
834	61.248
835	61.629
836	62.375
837	62.591
838	64.152
839	62.852
840	62.418
841	63.068
842	63.285
843	63.857
844	63.718
845	63.545
846	63.545
847	63.545
848	63.805
849	64.109
850	63.224
851	62.678
852	61.551
853	60.511
854	61.334
855	60.788
856	60.034
857	60.077
858	62.331
859	63.025
860	62.591
861	63.718
862	63.112
863	63.112
864	62.505
865	60.814
866	62.158
867	61.378
868	63.788
869	63.788
870	64.499
871	65.539
872	65.929
873	64.412
874	66.839
875	67.099
876	65.626
877	66.579
878	67.88
879	67.75
880	67.576
881	67.446
882	67.186
883	67.16
884	66.623
885	65.712
886	65.452
887	66.059
888	65.626
889	65.582
890	64.282
891	66.232
892	66.146
893	63.805
894	64.239
895	64.672
896	63.198
897	62.245
898	63.068
899	61.464
900	59.947
901	58.43
902	60.554
903	60.684
904	59.904
905	59.514
906	60.424
907	58.777
908	59.557
909	57.91
910	59.037
911	60.988
912	61.118
913	58.43
914	58.56
915	60.147
916	62.288
917	62.704
918	62.071
919	60.702
920	58.083
921	58.17
922	55.829
923	55.266
924	56.436
925	57.65
926	55.049
927	51.573
928	48.287
929	48.738
930	48.981
931	48.157
932	52.015
933	52.882
934	51.755
935	50.195
936	49.761
937	48.123
938	50.758
939	49.328
940	51.59
941	52.882
942	52.102
943	52.405
944	50.732
945	51.755
946	52.448
947	55.179
948	54.312
949	55.379
950	55.656
951	55.353
952	55.483
953	56.35
954	54.529
955	54.009
956	54.442
957	53.229
958	50.871
959	51.061
960	50.715
961	52.275
962	51.408
963	52.145
964	54.009
965	52.535
966	51.538
967	51.235
968	51.322
969	48.157
970	45.47
971	46.059
972	43.346
973	42.826
974	43.563
975	43.953
976	42.652
977	40.138
978	41.092
979	42.219
980	39.618
981	36.28
982	34.763
983	32.336
984	32.249
985	34.85
986	37.798
987	36.584
988	39.185
989	38.664
990	39.878
991	40.008
992	41.482
993	40.658
994	36.931
995	38.144
996	37.538
997	38.188
998	35.89
999	37.711
1000	38.318
1001	37.928
1002	41.005
1003	42.912
1004	42.479
1005	40.485
1006	39.358
1007	38.664
1008	40.528
1009	40.268
1010	42.479
1011	42.566
1012	42.392
1013	42.739
1014	42.739
1015	43.693
1016	44.256
1017	43.909
1018	42.696
1019	43.389
1020	44.733
1021	43.866
1022	45.34
1023	44.083
1024	44.733
1025	42.392
1026	41.785
1027	39.792
1028	40.615
1029	41.222
1030	40.225
1031	40.138
1032	42.652
1033	41.785
1034	41.309
1035	39.531
1036	40.138
1037	39.531
1038	39.531
1039	39.531
1040	39.531
1041	38.101
1042	38.058
1043	38.058
1044	38.058
1045	40.355
1046	40.745
1047	40.182
1048	39.401
1049	38.647
1050	38.578
1051	38.361
1052	39.401
1053	40.182
1054	39.141
1055	39.011
1056	37.191
1057	36.411
1058	35.674
1059	34.763
1060	34.85
1061	33.532
1062	32.943
1063	32.769
1064	34.503
1065	33.636
1066	34.243
1067	33.81
1068	32.423
1069	33.94
1070	33.55
1071	32.553
1072	32.769
1073	33.55
1074	33.03
1075	33.16
1076	34.807
1077	36.497
1078	35.457
1079	34.33
1080	33.073
1081	33.55
1082	32.769
1083	31.382
1084	31.122
1085	31.903
1086	32.769
1087	33.03
1088	32.596
1089	33.55
1090	32.076
1091	32.466
1092	30.732
1093	29.995
1094	28.695
1095	30.906
1096	32.076
1097	33.203
1098	33.94
1099	34.763
1100	35.414
1101	38.144
1102	35.457
1103	36.15
1104	35.934
1105	35.284
1106	34.763
1107	33.463
1108	33.593
1109	34.685
1110	34.763
1111	35.804
1112	37.191
1113	36.714
1114	36.584
1115	36.15
1116	36.671
1117	38.058
1118	38.925
1119	39.315
1120	39.965
1121	39.965
1122	39.965
1123	41.265
1124	41.655
1125	40.182
1126	39.011
1127	40.225
1128	40.13
1129	40.052
1130	40.052
1131	40.65
1132	41.612
1133	42.912
1134	42.219
1135	40.312
1136	41.005
1137	41.092
1138	41.525
1139	41.092
1140	42.045
1141	42.306
1142	40.875
1143	40.745
1144	39.792
1145	40.416
1146	40.225
1147	40.355
1148	40.962
1149	42.219
1150	42.479
1151	43.563
1152	45.903
1153	45.964
1154	46.987
1155	46.293
1156	47.03
1157	46.683
1158	47.351
1159	49.501
1160	50.455
1161	49.241
1162	50.845
1163	51.061
1164	50.411
1165	49.068
1166	49.414
1167	48.305
1168	49.068
1169	48.937
1170	49.674
1171	49.024
1172	48.764
1173	47.897
1174	49.804
1175	49.414
1176	49.371
1177	50.541
1178	49.891
1179	49.328
1180	48.721
1181	49.804
1182	50.628
1183	50.628
1184	50.931
1185	49.588
1186	49.934
1187	49.414
1188	49.631
1189	49.544
1190	49.674
1191	49.631
1192	50.758
1193	51.322
1194	51.018
1195	50.021
1196	48.591
1197	47.29
1198	48.027
1199	46.553
1200	45.99
1201	45.947
1202	46.163
1203	46.987
1204	46.944
1205	47.854
1206	47.55
1207	47.854
1208	47.16
1209	46.814
1210	46.987
1211	46.293
1212	45.773
1213	45.123
1214	46.033
1215	46.12
1216	45.556
1217	46.553
1218	47.247
1219	49.068
1220	49.51
1221	48.591
1222	50.151
1223	50.325
1224	49.544
1225	49.848
1226	49.241
1227	49.501
1228	50.325
1229	50.038
1230	51.365
1231	51.148
1232	48.981
1233	48.244
1234	46.597
1235	47.29
1236	46.814
1237	46.25
1238	45.166
1239	46.207
1240	46.38
1241	47.941
1242	47.854
1243	46.9
1244	47.204
1245	48.071
1246	48.374
1247	49.284
1248	49.154
1249	49.284
1250	49.848
1251	48.981
1252	49.241
1253	49.241
1254	48.201
1255	48.201
1256	47.334
1257	48.374
1258	49.284
1259	50.064
1260	49.544
1261	49.154
1262	50.108
1263	50.195
1264	49.986
1265	49.943
1266	49.934
1267	49.501
1268	49.544
1269	49.588
1270	49.024
1271	49.588
1272	47.854
1273	47.42
1274	48.045
1275	47.767
1276	47.29
1277	48.599
1278	49.068
1279	49.588
1280	49.934
1281	50.108
1282	51.365
1283	52.015
1284	54.442
1285	54.226
1286	53.836
1287	54.009
1288	54.182
1289	54.018
1290	54.312
1291	55.049
1292	54.789
1293	54.702
1294	53.315
1295	54.139
1296	54.356
1297	54.572
1298	55.136
1299	55.136
1300	55.136
1301	55.136
1302	56.046
1303	57.13
1304	57.13
1305	57.13
1306	57.555
1307	57.823
1308	57.91
1309	56.644
1310	56.783
1311	55.743
1312	54.737
1313	53.922
1314	55.223
1315	56.133
1316	56.09
1317	55.699
1318	55.006
1319	55.396
1320	55.214
1321	55.569
1322	55.483
1323	55.526
1324	56.306
1325	55.136
1326	54.529
1327	54.876
1328	54.616
1329	54.529
1330	55.639
1331	57.737
1332	58.56
1333	58.17
1334	58.3
1335	58.517
1336	57.997
1337	58.474
1338	58.257
1339	58.604
1340	59.991
1341	61.334
1342	61.118
1343	60.424
1344	60.077
1345	60.424
1346	59.861
1347	61.17
1348	61.161
1349	61.742
1350	66.796
1351	64.975
1352	64.455
1353	62.548
1354	61.855
1355	60.676
1356	60.467
1357	59.037
1358	59.861
1359	60.788
1360	59.557
1361	58.777
1362	57.303
1363	57.217
1364	56.913
1365	57.997
1366	58.083
1367	58.82
1368	58.517
1369	58.56
1370	60.121
1371	61.464
1372	61.985
1373	61.993
1374	61.855
1375	62.245
1376	62.245
1377	62.245
1378	62.331
1379	61.638
1380	61.031
1381	61.811
1382	61.421
1383	61.725
1384	61.031
1385	61.855
1386	62.331
1387	62.505
1388	62.418
1389	61.638
1390	60.84
1391	59.384
1392	59.947
1393	59.124
1394	59.427
1395	57.477
1396	57.043
1397	56.35
1398	57.043
1399	55.491
1400	56.523
1401	56.35
1402	55.396
1403	56.046
1404	57.52
1405	57.217
1406	57.26
1407	58.04
1408	57.693
1409	56.436
1410	56.176
1411	55.743
1412	56.35
1413	54.963
1414	55.873
1415	55.916
1416	57.087
1417	57.997
1418	57.693
1419	57.737
1420	57.823
1421	58.04
1422	57
1423	57.91
1424	57.217
1425	57.217
1426	56.956
1427	56.653
1428	55.699
1429	55.483
1430	55.613
1431	55.483
1432	56.783
1433	56.358
1434	56.046
1435	55.396
1436	54.702
1437	54.486
1438	53.836
1439	53.185
1440	53.315
1441	52.882
1442	52.448
1443	52.362
1444	52.015
1445	50.784
1446	50.021
1447	49.718
1448	50.801
1449	51.408
1450	50.325
1451	50.281
1452	50.368
1453	51.148
1454	50.064
1455	51.278
1456	49.865
1457	49.414
1458	49.146
1459	48.374
1460	47.68
1461	46.683
1462	46.207
1463	47.464
1464	46.857
1465	46.293
1466	45.687
1467	47.247
1468	47.81
1469	48.036
1470	48.201
1471	48.591
1472	48.937
1473	48.807
1474	49.241
1475	49.024
1476	49.544
1477	49.024
1478	48.461
1479	49.241
1480	49.605
1481	50.195
1482	50.715
1483	50.429
1484	49.891
1485	49.414
1486	49.241
1487	50.004
1488	51.148
1489	51.625
1490	51.668
1491	51.668
1492	51.582
1493	52.535
1494	51.452
1495	50.801
1496	51.235
1497	50.541
1498	50.281
1499	50.515
1500	50.064
1501	51.668
1502	52.266
1503	52.882
1504	52.925
1505	52.709
1506	52.448
1507	52.622
1508	52.015
1509	51.937
1510	51.625
1511	52.058
1512	51.668
1513	51.408
1514	50.715
1515	50.368
1516	50.281
1517	49.588
1518	50.021
1519	51.157
1520	51.668
1521	51.842
1522	52.015
1523	53.012
1524	53.229
1525	53.281
1526	54.269
1527	54.373
1528	54.746
1529	54.963
1530	55.266
1531	55.266
1532	55.093
1533	55.309
1534	56.046
1535	55.569
1536	54.963
1537	55.093
1538	54.876
1539	55.916
1540	55.959
1541	55.829
1542	55.873
1543	55.266
1544	56.506
1545	56.696
1546	56.61
1547	56.67
1548	56.445
1549	56.783
1550	55.916
1551	56.28
1552	56.783
1553	56.653
1554	56.696
1555	56.696
1556	55.916
1557	55.569
1558	55.526
1559	55.569
1560	55.873
1561	55.873
1562	56.003
1563	56.48
1564	56.48
1565	56.61
1566	56.61
1567	57.043
1568	56.696
1569	56.306
1570	57.737
1571	57.997
1572	58.3
1573	57.26
1574	56.48
1575	56.436
1576	57.78
1577	58.083
1578	58.257
1579	57.52
1580	56.393
1581	56.263
1582	56.003
1583	56.003
1584	55.491
1585	55.569
1586	55.656
1587	56.436
1588	57.26
1589	57.26
1590	57.936
1591	59.427
1592	58.994
1593	59.262
1594	58.612
1595	58.43
1596	58.734
1597	58.69
1598	58.994
1599	58.647
1600	58.526
1601	57.78
1602	57.867
1603	57.156
1604	57.433
1605	57.433
1606	58.222
1607	57.364
1608	57.884
1609	58.17
1610	58.335
1611	59.505
1612	59.262
1613	59.15
1614	58.872
1615	59.427
1616	59.774
1617	59.687
1618	59.913
1619	58.43
1620	58.239
1621	58.213
1622	58.092
1623	58.344
1624	57.52
1625	58.075
1626	58.075
1627	58.075
1628	58.187
1629	58.161
1630	57.693
1631	58.361
1632	58.005
1633	58.213
1634	58.266
1635	58.474
1636	58.69
1637	58.786
1638	57.988
1639	58.69
1640	59.028
1641	57.381
1642	56.254
1643	55.448
1644	54.937
1645	55.327
1646	55.179
1647	55.786
1648	55.786
1649	55.604
1650	55.994
1651	54.919
1652	54.919
1653	54.78
1654	55.474
1655	55.647
1656	55.907
1657	55.517
1658	53.87
1659	54.226
1660	54.009
1661	53.393
1662	53.584
1663	53.645
1664	54.364
1665	53.324
1666	53.575
1667	54.096
1668	53.601
1669	53.454
1670	53.836
1671	54.226
1672	55.188
1673	54.85
1674	55.751
1675	55.942
1676	55.093
1677	55.145
1678	55.743
1679	55.396
1680	56.012
1681	56.176
1682	56.263
1683	56.211
1684	55.864
1685	56.081
1686	56.436
1687	56.142
1688	56.22
1689	56.436
1690	56.254
1691	55.353
1692	54.754
1693	55.214
1694	55.76
1695	56.072
1696	56.54
1697	56.714
1698	56.662
1699	56.922
1700	56.046
1701	56.35
1702	57.087
1703	57.477
1704	58.205
1705	59.557
1706	59.817
1707	59.991
1708	60.823
1709	61.248
1710	61.681
1711	61.456
1712	61.378
1713	61.594
1714	62.219
1715	62.227
1716	62.028
1717	61.742
1718	62.054
1719	61.707
1720	61.118
1721	60.424
1722	60.381
1723	61.161
1724	62.245
1725	62.201
1726	61.725
1727	61.768
1728	61.196
1729	61.248
1730	60.771
1731	61.985
1732	62.028
1733	62.011
1734	61.985
1735	60.884
1736	60.207
1737	60.728
1738	60.381
1739	60.858
1740	61.378
1741	61.898
1742	62.921
1743	65.929
1744	66.232
1745	66.189
1746	67.013
1747	66.9
1748	65.322
1749	65.409
1750	64.932
1751	65.972
1752	65.409
1753	66.493
1754	64.455
1755	64.412
1756	64.889
1757	66.016
1758	65.799
1759	67.099
1760	67.862
1761	67.576
1762	68.036
1763	68.877
1764	67.906
1765	66.441
1766	66.753
1767	67.663
1768	67.464
1769	66.631
1770	65.452
1771	66.319
1772	66.536
1773	65.929
1774	64.932
1775	65.105
1776	65.192
1777	66.146
1778	65.868
1779	66.232
1780	65.756
1781	66.319
1782	67.594
1783	67.29
1784	68.4
1785	68.92
1786	69.05
1787	69.085
1788	68.859
1789	69.7
1790	70.177
1791	70.94
1792	70.853
1793	71.131
1794	69.96
1795	70.35
1796	70.706
1797	71.408
1798	71.651
1799	72.821
1800	72.518
1801	72.821
1802	72.041
1803	72.561
1804	71.954
1805	73.211
1806	73.515
1807	72.734
1808	73.454
1809	72.778
1810	72.431
1811	72.561
1812	72.344
1813	71.651
1814	70.827
1815	70.463
1816	71.477
1817	70.827
1818	71.044
1819	71.737
1820	71.391
1821	71.677
1822	71.677
1823	71.564
1824	71.798
1825	71.521
1826	71.07
1827	71.027
1828	70.914
1829	72.214
1830	72.344
1831	73.168
1832	73.411
1833	73.645
1834	74.858
1835	75.188
1836	73.905
1837	74.382
1838	73.159
1839	71.997
1840	73.168
1841	71.529
1842	71.607
1843	71.157
1844	71.911
1845	73.861
1846	75.092
1847	76.28
1848	76.592
1849	77.719
1850	75.682
1851	75.508
1852	76.549
1853	76.844
1854	77.632
1855	78.499
1856	77.286
1857	77.806
1858	78.456
1859	77.632
1860	78.543
1861	79.02
1862	79.427
1863	79.921
1864	81.1
1865	82.227
1866	82.01
1867	81.967
1868	80.355
1869	81.785
1870	80.745
1871	80.233
1872	79.297
1873	78.066
1874	77.442
1875	78.109
1876	80.753
1877	80.797
1878	81.716
1879	81.464
1880	81.317
1881	82.054
1882	82.747
1883	82.574
1884	82.227
1885	81.924
1886	82.019
1887	81.317
1888	80.97
1889	81.23
1890	81.664
1891	81.62
1892	82.444
1893	83.666
1894	84.68
1895	85.088
1896	83.684
1897	83.571
1898	81.664
1899	81.664
1900	81.473
1901	81.473
1902	81.473
1903	81.612
1904	82.357
1905	83.137
1906	83.371
1907	82.487
1908	83.12
1909	83.423
1910	84.351
1911	84.039
1912	84.039
1913	84.654
1914	82.938
1915	84.264
1916	85.825
1917	86.102
1918	86.068
1919	86.111
1920	84.438
1921	82.617
1922	81.707
1923	81.837
1924	79.158
1925	77.719
1926	79.063
1927	76.419
1928	77.806
1929	76.124
1930	78.213
1931	79.392
1932	79.167
1933	76.809
1934	77.52
1935	78.465
1936	77.208
1937	75.985
1938	74.312
1939	74.512
1940	72.604
1941	73.211
1942	73.003
1943	70.697
1944	70.636
1945	72.622
1946	71.417
1947	71.538
1948	72.916
1949	73.662
1950	73.211
1951	73.879
1952	73.385
1953	72.379
1954	72.83
1955	74.468
1956	76.254
1957	76.982
1958	77.052
1959	75.448
1960	76.583
1961	75.829
1962	76.323
1963	75.231
1964	75.075
1965	73.861
1966	72.466
1967	72.431
1968	71.902
1969	75.422
1970	75.326
1971	74.078
1972	76.679
1973	76.254
1974	77.147
1975	77.554
1976	79.124
1977	78.56
1978	74.806
1979	76.557
1980	75.63
1981	75.578
1982	74.78
1983	74.486
1984	74.251
1985	73.879
1986	73.619
1987	74.59
1988	75.526
1989	76.557
1990	75.855
1991	76.202
1992	76.02
1993	76.306
1994	75.951
1995	76.41
1996	76.809
1997	77.086
1998	77
1999	76.896
2000	77.234
2001	77.788
2002	78.049
2003	78.109
2004	77.199
2005	76.887
2006	76.809
2007	77.277
2008	78.127
2009	78.707
2010	79.271
2011	80.511
2012	80.042
2013	78.733
2014	80.511
2015	80.831
2016	79.956
2017	80.996
2018	81.577
2019	82.487
2020	82.236
2021	82.73
2022	82.314
2023	82.522
2024	84.117
2025	84.49
2026	84.871
2027	85.001
2028	85.816
2029	85.773
2030	85.27
2031	85.539
2032	85.175
2033	83.831
2034	84.741
2035	84.698
2036	84.663
2037	84.854
2038	85.27
2039	85.235
2040	85.617
2041	85.357
2042	85.305
2043	85.305
2044	85.218
2045	83.744
2046	84.152
2047	85.201
2048	86.388
2049	85.478
2050	85.279
2051	84.993
2052	85.365
2053	85.339
2054	85.677
2055	86.111
2056	86.154
2057	86.154
2058	88.339
2059	88.859
2060	88.512
2061	86.778
2062	84.819
2063	84.55
2064	85.556
2065	84.698
2066	83.597
2067	84.386
2068	84.975
2069	85.062
2070	86.033
2071	85.851
2072	86.51
2073	86.38
2074	87.221
2075	87.377
2076	87.94
2077	87.663
2078	87.099
2079	87.55
2080	87.845
2081	87.038
2082	87.038
2083	87.038
2084	88.235
2085	88.33
2086	88.061
2087	88.061
2088	89.18
2089	89.37
2090	89.492
2091	88.677
2092	87.992
2093	88.296
2094	87.836
2095	89.015
2096	90.411
2097	90.714
2098	90.237
2099	89.986
2100	89.891
2101	90.957
2102	90.402
2103	91.39
2104	92.283
2105	92.197
2106	92.474
2107	92.934
2108	93.09
2109	93.913
2110	93.974
2111	93.48
2112	93.09
2113	92.934
2114	92.864
2115	92.543
2116	92.257
2117	91.807
2118	92.517
2119	92.994
2120	92.63
2121	93.012
2122	92.682
2123	92.76
2124	92.422
2125	92.067
2126	91.911
2127	91.46
2128	87.351
2129	86.154
2130	85.608
2131	84.221
2132	84.212
2133	85.001
2134	84.308
2135	86.042
2136	85.651
2137	85.729
2138	82.652
2139	80.623
2140	80.97
2141	81.282
2142	83.163
2143	83.571
2144	85.998
2145	86.622
2146	87.073
2147	86.042
2148	86.128
2149	85.608
2150	86.302
2151	87.351
2152	86.943
2153	88.686
2154	88.946
2155	88.972
2156	88.972
2157	88.972
2158	90.003
2159	90.073
2160	90.532
2161	91.009
2162	93.887
2163	94.191
2164	94.598
2165	94.087
2166	97.216
2167	97.858
2168	97.476
2169	98.82
2170	98.725
2171	98.248
2172	98.308
2173	98.308
2174	98.352
2175	98.699
2176	99.227
2177	101.178
2178	100.779
2179	100.909
2180	99.661
2181	102.08
2182	101.169
2183	100.883
2184	100.363
2185	100.068
2186	101.429
2187	101.083
2188	101.343
2189	101.819
2190	100.432
2191	97.207
2192	97.207
2193	97.311
2194	97.424
2195	97.918
2196	98.092
2197	96.878
2198	96.141
2199	93.93
2200	92.24
2201	92.665
2202	94.953
2203	94.017
2204	93.809
2205	95.465
2206	96.904
2207	97.702
2208	98.005
2209	98.412
2210	96.887
2211	94.867
2212	94.572
2213	93.497
2214	91.598
2215	92.968
2216	92.934
2217	92.725
2218	94.113
2219	94.052
2220	92.717
2221	93.8
2222	94.165
2223	91.33
2224	91.286
2225	92.058
2226	93.22
2227	93.705
2228	93.02
2229	91.286
2230	92.127
2231	90.073
2232	90.94
2233	89.076
2234	87.654
2235	84.516
2236	85.14
2237	84.958
2238	87.992
2239	85.677
2240	87.056
2241	85.634
2242	85.001
2243	88.946
2244	89.119
2245	85.01
2246	82.791
2247	83.814
2248	81.837
2249	80.849
2250	79.323
2251	81.924
2252	80.58
2253	80.727
2254	80.623
2255	79.037
2256	79.6
2257	79.462
2258	78.196
2259	78.066
2260	77.632
2261	79.063
2262	79.618
2263	81.967
2264	80.042
2265	80.016
2266	78.014
2267	77.372
2268	78.387
2269	78.075
2270	79.193
2271	78.023
2272	76.471
2273	78.361
2274	81.23
2275	79.756
2276	79.618
2277	77.806
2278	77.546
2279	77.286
2280	78.421
2281	78.317
2282	79.583
2283	81.057
2284	82.617
2285	82.704
2286	82.886
2287	82.47
2288	82.01
2289	81.3
2290	81.057
2291	80.355
2292	79.193
2293	78.586
2294	78.751
2295	78.283
2296	76.939
2297	76.792
2298	76.514
2299	75.76
2300	74.555
2301	76.159
2302	76.592
2303	77.164
2304	80.181
2305	77.069
2306	75.248
2307	73.515
2308	74.295
2309	72.89
2310	72.041
2311	72.301
2312	72.942
2313	74.069
2314	75.075
2315	73.515
2316	73.124
2317	71.694
2318	71.521
2319	71.486
2320	71.711
2321	72.821
2322	71.954
2323	73.255
2324	76.982
2325	76.427
2326	78.239
2327	77.459
2328	76.159
2329	77.156
2330	77.676
2331	78.153
2332	79.323
2333	79.072
2334	78.803
2335	76.939
2336	77.069
2337	75.639
2338	75.899
2339	75.5
2340	75.639
2341	76.115
2342	76.115
2343	76.115
2344	76.115
2345	76.896
2346	77.572
2347	77.572
2348	77.572
2349	76.107
2350	76.072
2351	75.335
2352	75.292
2353	74.555
2354	73.038
2355	73.038
2356	73.038
2357	73.601
2358	71.347
2359	71.451
2360	69.353
2361	67.966
2362	63.632
2363	65.452
2364	63.138
2365	68.131
2366	65.279
2367	66.666
2368	67.013
2369	66.527
2370	65.452
2371	67.359
2372	66.753
2373	63.979
2374	64.455
2375	66.31
2376	65.149
2377	65.712
2378	66.493
2379	67.342
2380	65.79
2381	64.585
2382	66.406
2383	65.972
2384	65.496
2385	64.932
2386	64.291
2387	65.01
2388	67.533
2389	66.753
2390	65.626
2391	63.952
2392	63.502
2393	61.855
2394	62.418
2395	61.855
2396	61.031
2397	59.731
2398	63.198
2399	63.458
2400	62.201
2401	60.077
2402	57.65
2403	60.901
2404	60.858
2405	62.288
2406	62.288
2407	62.288
2408	64.369
2409	62.331
2410	62.895
2411	62.279
2412	62.418
2413	65.019
2414	66.12
2415	65.712
2416	65.461
2417	66.189
2418	65.496
2419	64.845
2420	64.681
2421	63.372
2422	63.112
2423	62.912
2424	64.802
2425	65.279
2426	67.186
2427	66.519
2428	65.045
2429	64.672
2430	66.059
2431	66.363
2432	67.056
2433	66.493
2434	66.839
2435	66.839
2436	68.01
2437	68.044
2438	68.226
2439	67.307
2440	67.229
2441	65.626
2442	66.319
2443	66.007
2444	66.232
2445	66.276
2446	66.007
2447	66.406
2448	65.322
2449	64.152
2450	64.308
2451	62.852
2452	63.285
2453	62.678
2454	63.025
2455	63.502
2456	59.809
2457	57.997
2458	57.563
2459	57.373
2460	57.65
2461	55.656
2462	54.009
2463	54.122
2464	53.081
2465	53.489
2466	53.68
2467	53.905
2468	54.503
2469	53.055
2470	52.535
2471	50.55
2472	50.247
2473	50.342
2474	51.209
2475	49.293
2476	47.663
2477	47.186
2478	45.14
2479	47.516
2480	48.374
2481	47.498
2482	46.198
2483	46.224
2484	47.941
2485	47.42
2486	45.426
2487	44.69
2488	44.213
2489	44.95
2490	47.923
2491	48.634
2492	49.614
2493	49.328
2494	51.972
2495	51.313
2496	50.845
2497	50.168
2498	50.879
2499	50.827
2500	51.582
2501	51.07
2502	50.671
2503	53.177
2504	53.914
2505	53.749
2506	55.006
2507	56.176
2508	54.616
2509	52.448
2510	53.003
2511	52.457
2512	51.538
2513	49.622
2514	49.137
2515	48.712
2516	50.108
2517	48.981
2518	48.981
2519	49.484
2520	50.489
2521	50.446
2522	50.533
2523	51.365
2524	51.668
2525	49.674
2526	49.865
2527	52.032
2528	52.821
2529	53.055
2530	51.174
2531	50.325
2532	46.137
2533	45.14
2534	42.6
2535	46.033
2536	49.934
2537	47.81
2538	45.851
2539	47.767
2540	49.241
2541	47.776
2542	42.219
2543	43.589
2544	44.854
2545	43.346
2546	45.279
2547	41.179
2548	37.451
2549	34.633
2550	32.509
2551	27.134
2552	30.854
2553	33.81
2554	29.128
2555	28.357
2556	29.432
2557	29.891
2558	30.108
2559	28.712
2560	27.481
2561	25.938
2562	22.462
2563	20.676
2564	21.985
2565	25.314
2566	25.964
2567	27.178
2568	31.339
2569	29.128
2570	25.817
2571	26.32
2572	25.531
2573	24.014
2574	21.76
2575	21.456
2576	21.404
2577	21.075
2578	19.93
2579	18.769
2580	17.122
2581	16.029
2582	20.034
2583	20.511
2584	21.066
2585	23.363
2586	24.204
2587	21.534
2588	22.366
2589	22.28
2590	22.713
2591	22.314
2592	23.901
2593	24.23
2594	24.256
2595	24.1
2596	23.381
2597	23.485
2598	24.326
2599	22.522
2600	22.271
2601	22.887
2602	21.916
2603	22.262
2604	22.262
2605	22.262
2606	22.262
2607	23.485
2608	24.326
2609	24.326
2610	24.326
2611	25.522
2612	25.063
2613	24.213
2614	23.515
2615	22.297
2616	20.979
2617	21.2
2618	20.763
2619	19.194
2620	18.249
2621	17.13
2622	15.73
2623	14.798
2624	15.5
2625	15.596
2626	14.954
2627	15.301
2628	15.769
2629	19.376
2630	17.815
2631	17.772
2632	16.844
2633	17.798
2634	18.162
2635	17.945
2636	18.847
2637	19.956
2638	18.812
2639	18.985
2640	19.306
2641	19.809
2642	18.552
2643	17.408
2644	17.338
2645	17.338
2646	15.683
2647	14.885
2648	16.497
2649	16.81
2650	18.509
2651	17.98
2652	17.087
2653	17
2654	17.455
2655	16.679
2656	15.891
2657	16.653
2658	19.514
2659	20.737
2660	23.294
2661	22.609
2662	23.043
2663	23.823
2664	24.014
2665	24.846
2666	24.23
2667	27.221
2668	27.741
2669	26.311
2670	27.75
2671	27.854
2672	24.967
2673	26.805
2674	27.082
2675	30.299
2676	30.776
2677	30.247
2678	28.834
2679	29.388
2680	32.085
2681	32.085
2682	32.085
2683	32.31
2684	32.466
2685	34.243
2686	36.844
2687	32.674
2688	33.42
2689	34.677
2690	34.391
2691	35.648
2692	36.887
2693	35.067
2694	35.509
2695	34.85
2696	34.85
2697	35.942
2698	35.847
2699	35.916
2700	34.131
2701	36.636
2702	36.454
2703	34.98
2704	33.203
2705	33.983
2706	34.651
2707	37.416
2708	39.41
2709	40.182
2710	40.572
2711	40.702
2712	40.615
2713	41.915
2714	41.569
2715	40.485
2716	41.049
2717	42.609
2718	41.863
2719	40.008
2720	41.395
2721	41.716
2722	40.702
2723	40.658
2724	40.39
2725	41.499
2726	40.962
2727	38.664
2728	38.17
2729	37.711
2730	38.829
2731	37.884
2732	35.067
2733	35.049
2734	36.931
2735	37.702
2736	37.798
2737	38.361
2738	37.477
2739	37.433
2740	36.289
2741	37.052
2742	35.934
2743	36.671
2744	36.124
2745	38.101
2746	38.04
2747	39.644
2748	40.398
2749	41.837
2750	41.803
2751	41.898
2752	42.514
2753	42.215
2754	42.553
2755	44.048
2756	44.386
2757	45.149
2758	40.476
2759	40.641
2760	40.606
2761	39.618
2762	40.693
2763	40.355
2764	39.792
2765	39.341
2766	40.832
2767	40.91
2768	39.696
2769	39.731
2770	40.65
2771	40.034
2772	39.367
2773	40.19
2774	39.878
2775	40.268
2776	41.525
2777	42.479
2778	42.306
2779	42.306
2780	41.794
2781	41.872
2782	40.866
2783	39.705
2784	39.783
2785	40.572
2786	42.089
2787	42.349
2788	41.829
2789	42.522
2790	43.329
2791	43.016
2792	42.791
2793	43.389
2794	44.976
2795	45.6
2796	45.132
2797	44.447
2798	45.422
2799	46.371
2800	44.325
2801	44.516
2802	46.042
2803	46.441
2804	45.921
2805	43.918
2806	43.467
2807	43.953
2808	45.314
2809	45.392
2810	46.246
2811	46.159
2812	47.156
2813	46.744
2814	48.331
2815	48.807
2816	47.802
2817	48.738
2818	47.637
2819	46.766
2820	45.925
2821	45.864
2822	44.026
2823	43.537
2824	42.098
2825	45.426
2826	42.392
2827	42.045
2828	41.577
2829	41.911
2830	41.959
2831	42.019
2832	43.346
2833	43.211
2834	43.693
2835	43.563
2836	43.771
2837	44.993
2838	45.028
2839	44.837
2840	43.693
2841	42.592
2842	43.97
2843	43.172
2844	43.099
2845	41.179
2846	41.486
2847	41.699
2848	42.973
2849	42.219
2850	42.492
2851	42.782
2852	42.817
2853	41.803
2854	40.914
2855	41.612
2856	41.569
2857	42.878
2858	42.843
2859	45.067
2860	44.135
2861	43.398
2862	43.957
2863	43.71
2864	43.597
2865	43.597
2866	43.597
2867	43.883
2868	43.879
2869	42.982
2870	42.982
2871	42.982
2872	44.048
2873	44.898
2874	44.282
2875	44.75
2876	45.903
2877	45.556
2878	44.256
2879	43.97
2880	43.814
2881	42.219
2882	42.553
2883	42.834
2884	42.115
2885	40.814
2886	38.664
2887	39.341
2888	38.751
2889	37.867
2890	38.413
2891	38.474
2892	39.562
2893	40.762
2894	39.982
2895	37.98
2896	36.991
2897	37.052
2898	39.297
2899	39.744
2900	39.115
2901	38.196
2902	38.37
2903	39.835
2904	40.277
2905	41.101
2906	41.387
2907	41.421
2908	39.787
2909	40.528
2910	39.818
2911	40.39
2912	41.144
2913	41.456
2914	42.202
2915	43.008
2916	43.935
2917	44.213
2918	44.664
2919	44.75
2920	45.097
2921	45.617
2922	45.548
2923	46.762
2924	47.438
2925	46.814
2926	46.796
2927	46.883
2928	47.299
2929	47.724
2930	49.345
2931	50.134
2932	49.917
2933	50.281
2934	49.501
2935	50.064
2936	50.064
2937	50.064
2938	50.377
2939	49.778
2940	49.414
2941	50.16
2942	50.411
2943	50.238
2944	51.564
2945	52.301
2946	48.105
2947	46.467
2948	48.409
2949	48.027
2950	46.848
2951	46.683
2952	48.114
2953	45.817
2954	45.366
2955	46.814
2956	44.828
2957	45.808
2958	44.117
2959	43.398
2960	40.962
2961	40.351
2962	44.083
2963	44.56
2964	44.724
2965	43.987
2966	42.132
2967	42.314
2968	43.337
2969	42.202
2970	41.057
2971	41.621
2972	41.092
2973	40.216
2974	41.127
2975	43.242
2976	41.82
2977	42.089
2978	41.621
2979	41.43
2980	41.898
2981	40.524
2982	40.299
2983	39.7
2984	40.572
2985	40.988
2986	41.707
2987	41.699
2988	43.081
2989	43.467
2990	43.476
2991	43.493
2992	43.433
2993	43.016
2994	42.384
2995	41.699
2996	41.174
2997	41.551
2998	39.913
2999	40.407
3000	39.601
3001	39.063
3002	39.042
3003	39.245
3004	41.092
3005	42.535
3006	42.808
3007	42.739
3008	43.433
3009	43.398
3010	42.609
3011	41.127
3012	40.944
3013	41.265
3014	41.699
3015	42.895
3016	43.181
3017	43.537
3018	45.435
3019	45.964
3020	46.215
3021	46.354
3022	47.68
3023	48.322
3024	48.331
3025	48.504
3026	48.062
3027	48.591
3028	47.55
3029	46.493
3030	45.886
3031	45.773
3032	45.227
3033	46.094
3034	45.687
3035	44.299
3036	44.213
3037	44.49
3038	43.684
3039	43.211
3040	43.259
3041	43.485
3042	43.138
3043	43.133
3044	44.048
3045	42.852
3046	43.493
3047	43.502
3048	42.8
3049	42.418
3050	41.161
3051	41.343
3052	41.928
3053	42.635
3054	42.002
3055	40.914
3056	40.034
3057	40.702
3058	39.176
3059	39.346
3060	38.965
3061	39.117
3062	39.241
3063	38.246
3064	37.426
3065	38.246
3066	38.136
3067	37.741
3068	38.998
3069	39.255
3070	38.941
3071	38.784
3072	38.617
3073	38.293
3074	39.617
3075	38.96
3076	38.77
3077	39.703
3078	39.965
3079	40.422
3080	39.803
3081	40.079
3082	39.808
3083	39.355
3084	39.57
3085	39.589
3086	39.646
3087	38.817
3088	39.203
3089	38.76
3090	39.517
3091	39.865
3092	39.989
3093	39.784
3094	39.146
3095	38.584
3096	38.369
3097	38.998
3098	38.293
3099	38.612
3100	39.108
3101	38.527
3102	37.788
3103	37.179
3104	37.336
3105	36.96
3106	36.383
3107	35.54
3108	35.245
3109	36.15
3110	36.869
3111	36.96
3112	36.34
3113	36.417
3114	36.845
3115	37.579
3116	37.96
3117	38.26
3118	38.25
3119	37.426
3120	37.874
3121	37.803
3122	37.588
3123	37.774
3124	37.712
3125	37.674
3126	37.674
3127	37.436
3128	37.569
3129	37.541
3130	37.207
3131	37.207
3132	37.865
3133	38.493
3134	39.746
3135	39.622
3136	39.079
3137	38.512
3138	38.512
3139	39.97
3140	40.675
3141	41.237
3142	40.999
3143	41.413
3144	41.265
3145	41.513
3146	42.189
3147	42.285
3148	41.546
3149	41.341
3150	41.761
3151	41.275
3152	41.246
3153	41.932
3154	42.17
3155	42.937
3156	44.142
3157	44.675
3158	44.704
3159	44.537
3160	43.794
3161	44.056
3162	43.775
3163	44.604
3164	46.023
3165	45.69
3166	45.609
3167	44.166
3168	43.737
3169	43.671
3170	43.247
3171	44.371
3172	44.204
3173	43.57
3174	43.637
3175	43.961
3176	42.542
3177	42.265
3178	42.608
3179	41.846
3180	40.98
3181	40.741
3182	40.589
3183	39.098
3184	38.188
3185	38.65
3186	38.508
3187	39.351
3188	39.089
3189	39.089
3190	39.684
3191	39.384
3192	39.617
3193	39.427
3194	40.075
3195	39.703
3196	40.579
3197	40.17
3198	40.013
3199	40.003
3200	40.503
3201	40.779
3202	40.622
3203	40.032
3204	40.518
3205	39.665
3206	39.246
3207	38.312
3208	38.169
3209	38.369
3210	38.993
3211	38.993
3212	38.993
3213	39.627
3214	39.746
3215	41.756
3216	41.946
3217	41.861
3218	40.865
3219	40.932
3220	40.703
3221	40.208
3222	40.284
3223	40.941
3224	40.522
3225	40.913
3226	39.96
3227	39.755
3228	39.832
3229	40.246
3230	40.484
3231	39.589
3232	38.865
3233	38.436
3234	39.246
3235	39.313
3236	38.846
3237	38.708
3238	39.446
3239	39.017
3240	38.703
3241	38.922
3242	37.941
3243	38.317
3244	37.55
3245	37.907
3246	37.693
3247	37.674
3248	38.269
3249	37.588
3250	37.436
3251	38.236
3252	38.284
3253	39.127
3254	39.084
3255	38.208
3256	37.765
3257	37.226
3258	38.036
3259	38.341
3260	38.698
3261	40.094
3262	39.498
3263	39.346
3264	38.884
3265	39.046
3266	38.122
3267	36.75
3268	36.34
3269	36.112
3270	35.755
3271	35.264
3272	34.216
3273	34.878
3274	35.969
3275	37.198
3276	36.879
3277	36.745
3278	36.555
3279	35.931
3280	36.545
3281	36.75
3282	35.359
3283	34.15
3284	33.897
3285	32.102
3286	32.816
3287	29.901
3288	29.482
3289	28.148
3290	28.158
3291	28.858
3292	29.796
3293	28.696
3294	28.282
3295	26.567
3296	25.862
3297	25.31
3298	25.605
3299	25.791
3300	25.996
3301	25.434
3302	26.434
3303	26.081
3304	27.015
3305	26.062
3306	24.576
3307	22.628
3308	22.976
3309	23.652
3310	23.562
3311	21.904
3312	20.38
3313	22.29
3314	22.619
3315	23.9
3316	23.967
3317	22.909
3318	23.176
3319	22.7
3320	20.666
3321	22.09
3322	23.59
3323	26.815
3324	25.467
3325	26.291
3326	25
3327	23.862
3328	23.481
3329	25.214
3330	25.958
3331	24.9
3332	26.129
3333	26.415
3334	27.986
3335	26.51
3336	26.1
3337	25.005
3338	25.624
3339	25.891
3340	25.134
3341	26.2
3342	27.005
3343	27.243
3344	27.291
3345	31.849
3346	31.435
3347	29.211
3348	27.291
3349	27.101
3350	28.129
3351	27.148
3352	26.958
3353	27.539
3354	25.672
3355	26.31
3356	27.491
3357	26.939
3358	27.148
3359	27.053
3360	25.648
3361	25.834
3362	24.281
3363	23.814
3364	23.181
3365	23.476
3366	23.347
3367	25.243
3368	25.315
3369	27.277
3370	27.529
3371	28.653
3372	28.529
3373	28.282
3374	28.329
3375	26.901
3376	28.206
3377	26.805
3378	26.624
3379	26.262
3380	26.272
3381	25.91
3382	25.929
3383	27.258
3384	26.986
3385	28.196
3386	28.32
3387	28.32
3388	28.283
3389	27.358
3390	27.939
3391	27.928
3392	28.684
3393	29.055
3394	28.475
3395	27.101
3396	25.805
3397	25.005
3398	26.148
3399	26.82
3400	27.358
3401	27.339
3402	27.653
3403	28.341
3404	28.639
3405	30.749
3406	31.139
3407	31.768
3408	31.255
3409	31.625
3410	31.625
3411	31.921
3412	30.854
3413	31.073
3414	32.244
3415	32.13
3416	32.53
3417	31.93
3418	32.087
3419	33.016
3420	33.349
3421	31.996
3422	32.168
3423	31.349
3424	31.416
3425	31.863
3426	32.121
3427	32.957
3428	31.911
3429	31.482
3430	31.767
3431	33.102
3432	33.149
3433	33.257
3434	33.588
3435	34.216
3436	33.959
3437	33.389
3438	31.625
3439	32.43
3440	33.666
3441	33.769
3442	33.978
3443	34.988
3444	36.365
3445	36.579
3446	36.877
3447	37.546
3448	37.017
3449	36.674
3450	36.102
3451	36.674
3452	36.994
3453	36.766
3454	36.198
3455	35.164
3456	35.626
3457	35.76
3458	34.692
3459	33.636
3460	33.283
3461	33.283
3462	33.283
3463	31.756
3464	32.768
3465	33.421
3466	32.597
3467	32.468
3468	33.616
3469	33.035
3470	32.102
3471	32.673
3472	31.625
3473	31.787
3474	32.692
3475	31.673
3476	31.892
3477	31.34
3478	31.34
3479	30.751
3480	29.678
3481	29.673
3482	30.311
3483	29.082
3484	29.053
3485	29.796
3486	29.42
3487	28.577
3488	27.848
3489	27.329
3490	27.082
3491	27.152
3492	27.577
3493	28.177
3494	27.577
3495	27.51
3496	27.91
3497	27.726
3498	27.767
3499	27.577
3500	27.729
3501	25.766
3502	25.957
3503	26.245
3504	27.048
3505	27.472
3506	27.253
3507	26.967
3508	26.825
3509	26.824
3510	26.434
3511	27.434
3512	26.834
3513	27.359
3514	27.672
3515	27.234
3516	27.243
3517	26.07
3518	26.31
3519	26.958
3520	25.529
3521	27.12
3522	27.672
3523	28.177
3524	27.877
3525	27.482
3526	26.077
3527	25.884
3528	25.529
3529	25.557
3530	24.91
3531	24.481
3532	24.319
3533	24.119
3534	24.481
3535	24.481
3536	23.576
3537	22.614
3538	22.042
3539	21.595
3540	22.433
3541	23.833
3542	23.5
3543	23.624
3544	23.421
3545	22.098
3546	24.012
3547	24.086
3548	24.429
3549	24.329
3550	24.414
3551	24.138
3552	23.855
3553	23.906
3554	23.865
3555	24.738
3556	25.324
3557	25.062
3558	26.081
3559	26.186
3560	25.96
3561	26.081
3562	26.565
3563	26.019
3564	26.102
3565	25.643
3566	26.776
3567	26.94
3568	26.339
3569	26.462
3570	28.301
3571	29.863
3572	30.235
3573	31.586
3574	31.292
3575	31.244
3576	32.081
3577	32.387
3578	30.958
3579	31.349
3580	30.974
3581	31.392
3582	31.111
3583	30.858
3584	29.339
3585	29.973
3586	29.453
3587	29.919
3588	29.982
3589	30.773
3590	30.955
3591	31.054
3592	30.617
3593	30.249
3594	30.215
3595	31.34
3596	30.911
3597	31.487
3598	32.769
3599	33.254
3600	33.759
3601	32.578
3602	32.864
3603	32.035
3604	31.911
3605	31.968
3606	32.187
3607	31.921
3608	33.013
3609	33.385
3610	34.15
3611	33.711
3612	33.483
3613	34.332
3614	32.947
3615	32.549
3616	31.768
3617	31.916
3618	32.292
3619	31.587
3620	31.94
3621	30.958
3622	32.178
3623	31.557
3624	31.435
3625	31.749
3626	32.197
3627	31.721
3628	32.254
3629	31.682
3630	32.264
3631	32.334
3632	32.202
3633	32.78
3634	33.53
3635	33.383
3636	32.921
3637	32.53
3638	32.61
3639	32.818
3640	31.587
3641	31.073
3642	31.073
3643	31.726
3644	32.111
3645	31.954
3646	31.463
3647	31.463
3648	31.463
3649	31.463
3650	31.54
3651	31.446
3652	31.446
3653	31.446
3654	32.645
3655	32.911
3656	33.035
3657	33.938
3658	34.419
3659	34.754
3660	35.484
3661	35.407
3662	35.114
3663	35.055
3664	34.835
3665	34.893
3666	35.052
3667	34.831
3668	34.483
3669	33.82
3670	34.34
3671	34.896
3672	35.255
3673	35.128
3674	35.35
3675	36.183
3676	36.722
3677	35.34
3678	35.936
3679	35.245
3680	34.94
3681	35.131
3682	34.74
3683	35.436
3684	34.959
3685	34.583
3686	34.132
3687	34.292
3688	34.76
3689	34.426
3690	33.197
3691	33.75
3692	33.597
3693	32.959
3694	33.302
3695	33.626
3696	32.002
3697	31.721
3698	32.521
3699	32.378
3700	32.415
3701	33.049
3702	32.518
3703	32.409
3704	32.225
3705	32.597
3706	32.483
3707	31.968
3708	30.72
3709	31.002
3710	31.038
3711	30.844
3712	30.025
3713	29.853
3714	29.159
3715	29.053
3716	29.053
3717	29.053
3718	29.911
3719	29.244
3720	28.901
3721	28.882
3722	28.793
3723	29.695
3724	30.822
3725	30.739
3726	29.911
3727	29.492
3728	29.711
3729	28.919
3730	28.167
3731	28.577
3732	28.872
3733	30.155
3734	30.765
3735	31.273
3736	30.844
3737	31.537
3738	33.232
3739	33.232
3740	34.102
3741	34.76
3742	34.959
3743	35.445
3744	34.988
3745	35.238
3746	34.626
3747	34.388
3748	34.454
3749	35.121
3750	34.705
3751	35.502
3752	35.721
3753	35.035
3754	35.035
3755	34.292
3756	33.472
3757	33.816
3758	34.212
3759	34.069
3760	34.763
3761	34.226
3762	34.245
3763	34.577
3764	34.054
3765	33.3
3766	34.464
3767	34.469
3768	33.666
3769	32.731
3770	32.938
3771	32.666
3772	32.883
3773	32.995
3774	32.745
3775	31.712
3776	31.816
3777	31.12
3778	31.488
3779	32.092
3780	31.673
3781	30.796
3782	30.869
3783	30.221
3784	30.101
3785	30.797
3786	30.397
3787	30.603
3788	30.958
3789	31.559
3790	31.768
3791	31.806
3792	32.206
3793	31.959
3794	32.102
3795	32.987
3796	33.34
3797	33.927
3798	33.864
3799	34.15
3800	34.407
3801	34.34
3802	34.062
3803	32.496
3804	32.159
3805	32.97
3806	32.797
3807	32.483
3808	31.863
3809	31.959
3810	32.53
3811	32.645
3812	32.643
3813	32.689
3814	32.349
3815	32.005
3816	32.492
3817	32.044
3818	31.71
3819	31.216
3820	31.92
3821	32.326
3822	32.344
3823	31.006
3824	31.139
3825	30.978
3826	31.34
3827	31.882
3828	31.676
3829	31.886
3830	32.123
3831	32.197
3832	32.508
3833	33.054
3834	33.53
3835	33.249
3836	33.203
3837	33.956
3838	33.77
3839	33.93
3840	34.326
3841	33.759
3842	33.627
3843	33.849
3844	32.864
3845	32.732
3846	32.645
3847	32.34
3848	32.986
3849	33.026
3850	32.797
3851	33.13
3852	32.517
3853	32.197
3854	32.568
3855	33.52
3856	33.892
3857	34.111
3858	34.312
3859	34.95
3860	34.944
3861	35.321
3862	34.874
3863	34.752
3864	34.15
3865	34.293
3866	34.274
3867	34.055
3868	34.415
3869	33.754
3870	34.001
3871	33.769
3872	33.336
3873	32.821
3874	33.064
3875	33.091
3876	33.149
3877	33.188
3878	32.692
3879	32.706
3880	32.456
3881	32.323
3882	32.464
3883	32.108
3884	32.211
3885	32.186
3886	32.387
3887	32.989
3888	32.826
3889	32.968
3890	33.492
3891	33.607
3892	33.598
3893	32.804
3894	32.417
3895	32.15
3896	32.56
3897	32.459
3898	32.138
3899	31.825
3900	31.578
3901	31.556
3902	32.121
3903	31.752
3904	31.521
3905	31.973
3906	32.359
3907	32.864
3908	32.864
3909	32.864
3910	32.864
3911	32.976
3912	33.035
3913	33.035
3914	33.035
3915	32.483
3916	32.835
3917	32.961
3918	33.813
3919	34.544
3920	34.471
3921	35.008
3922	36.426
3923	36.988
3924	38.007
3925	37.722
3926	37.388
3927	35.483
3928	35.759
3929	35.58
3930	35.493
3931	35.102
3932	34.912
3933	35.207
3934	34.721
3935	35.307
3936	34.128
3937	33.365
3938	33.237
3939	33.569
3940	33.945
3941	33.883
3942	33.502
3943	34.006
3944	34.292
3945	34.188
3946	33.935
3947	34.092
3948	34.302
3949	33.873
3950	33.526
3951	33.475
3952	34.044
3953	33.74
3954	33.388
3955	33.368
3956	33.577
3957	32.502
3958	33.12
3959	32.834
3960	33.33
3961	32.387
3962	31.92
3963	31.512
3964	31.025
3965	29.894
3966	29.673
3967	30.034
3968	30.519
3969	31.12
3970	30.987
3971	30.672
3972	30.254
3973	30.558
3974	30.639
3975	30.376
3976	30.774
3977	31.025
3978	31.654
3979	31.749
3980	31.367
3981	31.435
3982	30.72
3983	30.737
3984	30.949
3985	30.368
3986	29.863
3987	30.188
3988	29.573
3989	29.886
3990	30.719
3991	30.719
3992	30.719
3993	30.876
3994	30.555
3995	30.344
3996	29.815
3997	29.735
3998	30.601
3999	30.207
4000	30.207
4001	30.006
4002	29.625
4003	28.996
4004	29.143
4005	29.492
4006	29.448
4007	29.644
4008	29.935
4009	29.663
4010	29.318
4011	29.282
4012	28.906
4013	28.714
4014	28.769
4015	28.91
4016	28.682
4017	28.672
4018	28.829
4019	28.855
4020	28.644
4021	28.291
4022	28.228
4023	28.154
4024	28.372
4025	27.414
4026	28.35
4027	28.449
4028	28.22
4029	28.109
4030	27.875
4031	27.76
4032	27.5
4033	27.298
4034	27.457
4035	27.874
4036	27.07
4037	27.043
4038	26.84
4039	26.77
4040	26.065
4041	25.94
4042	25.765
4043	25.853
4044	25.831
4045	26.59
4046	26.52
4047	26.107
4048	25.657
4049	26.095
4050	25.578
4051	25.469
4052	26.083
4053	26.574
4054	27.08
4055	26.639
4056	26.76
4057	26.535
4058	26.666
4059	26.465
4060	26.909
4061	26.76
4062	26.72
4063	26.685
4064	26.39
4065	25.63
4066	25.32
4067	25.06
4068	24.538
4069	24.45
4070	24.503
4071	24.708
4072	24.48
4073	24.53
4074	24.829
4075	24.796
4076	24.39
4077	24.73
4078	24.88
4079	24.81
4080	25.112
4081	25.155
4082	25.764
4083	26.29
4084	26.652
4085	26.114
4086	26.13
4087	25.958
4088	25.996
4089	26.65
4090	27.001
4091	27.1
4092	27.02
4093	27.01
4094	27.285
4095	27.208
4096	26.883
4097	26.901
4098	27
4099	27.131
4100	27.741
4101	28.138
4102	27.987
4103	27.469
4104	27.81
4105	27.39
4106	27.749
4107	27.418
4108	27.607
4109	27.63
4110	26.995
4111	26.995
4112	27.15
4113	26.512
4114	26.349
4115	25.661
4116	25.45
4117	25.15
4118	25.066
4119	23.7
4120	23.55
4121	24.015
4122	24.19
4123	24.9
4124	24.71
4125	25.245
4126	25.2
4127	24.7
4128	25.411
4129	24.63
4130	24.42
4131	24.92
4132	24.902
4133	24.548
4134	24.755
4135	24.757
4136	24.292
4137	24.163
4138	24.19
4139	23.76
4140	23.751
4141	23.94
4142	24.291
4143	24.43
4144	24.5
4145	24.146
4146	24.827
4147	25.515
4148	26.14
4149	26.27
4150	26.36
4151	26.28
4152	25.946
4153	26.31
4154	26.497
4155	26.155
4156	26.88
4157	26.21
4158	25.683
4159	25.1
4160	25.527
4161	24.94
4162	24.167
4163	24.29
4164	24.443
4165	25.461
4166	25.149
4167	25.11
4168	25.35
4169	25.35
4170	25.35
4171	25.35
4172	25.236
4173	25.15
4174	25.15
