1	4.6992
2	4.7995
3	4.9096
4	4.9096
5	4.8362
6	4.9371
7	4.8637
8	4.5609
9	4.4599
10	4.5884
11	4.5425
12	4.5609
13	4.4508
14	4.4049
15	4.3498
16	4.2489
17	4.203
18	4.0378
19	4.0103
20	4.1296
21	4.1296
22	4.3406
23	4.1846
24	4.1938
25	4.102
26	4.0378
27	3.8726
28	3.7625
29	3.79
30	4.1204
31	4.2305
32	4.5884
33	4.2764
34	4.3223
35	4.4599
36	4.4049
37	4.6802
38	4.5701
39	4.671
40	4.6435
41	4.616
42	4.5517
43	4.4691
44	4.4049
45	4.4967
46	4.6618
47	4.6435
48	4.772
49	4.9371
50	4.8821
51	4.7444
52	4.8546
53	4.9371
54	5.0381
55	4.9922
56	5.0564
57	4.772
58	4.8821
59	4.8178
60	4.9004
61	4.7444
62	4.928
63	4.9555
64	5.0106
65	5.0106
66	5.0106
67	5.0106
68	5.1574
69	5.1941
70	5.1757
71	5.139
72	5.139
73	5.1849
74	5.1666
75	5.1941
76	5.0197
77	5.1023
78	5.0656
79	4.9922
80	4.983
81	4.9739
82	4.8729
83	4.8913
84	4.7995
85	4.671
86	4.6251
87	4.6985
88	4.7628
89	4.8178
90	4.8913
91	4.9371
92	4.7911
93	4.6523
94	4.6061
95	4.5321
96	4.3841
97	4.3286
98	4.4211
99	4.5043
100	4.4396
101	4.5228
102	4.4673
103	4.3933
104	4.3286
105	4.4303
106	4.5136
107	4.5506
108	4.4303
109	4.5321
110	4.5136
111	4.4673
112	4.5321
113	4.5876
114	4.6153
115	4.5876
116	4.5136
117	4.4118
118	4.3101
119	4.4026
120	4.4766
121	4.3748
122	4.3563
123	4.3286
124	4.2916
125	4.3748
126	4.5321
127	4.4673
128	4.4488
129	4.3101
130	4.3841
131	4.2824
132	4.2546
133	4.2824
134	4.2824
135	4.2084
136	4.2361
137	4.2084
138	4.0974
139	4.1251
140	4.1066
141	4.1251
142	4.1806
143	4.0974
144	3.9494
145	3.9216
146	3.8846
147	3.7921
148	3.7274
149	3.6257
150	3.4592
151	3.5147
152	3.6627
153	3.7274
154	3.6257
155	3.5887
156	3.5609
157	3.6442
158	3.4962
159	3.5887
160	3.7182
161	3.7459
162	3.8384
163	3.8476
164	3.7921
165	3.7089
166	3.7736
167	3.8384
168	3.7921
169	3.8291
170	3.8939
171	3.8939
172	3.8569
173	3.6997
174	3.7089
175	3.6257
176	3.7459
177	3.7274
178	3.6997
179	3.8661
180	3.9586
181	3.9956
182	3.9586
183	4.0141
184	3.9864
185	3.9771
186	3.9956
187	3.9586
188	3.9586
189	3.8569
190	3.9216
191	3.8106
192	3.8291
193	3.8106
194	3.7551
195	3.6349
196	3.6997
197	3.6904
198	3.7459
199	3.7921
200	3.8846
201	3.7921
202	3.7274
203	3.6534
204	3.7459
205	3.6904
206	3.7182
207	3.5609
208	3.6257
209	3.6812
210	3.6442
211	3.6534
212	3.5424
213	3.5147
214	3.5794
215	3.5979
216	3.7551
217	3.7551
218	3.6719
219	3.6904
220	3.8291
221	3.8569
222	3.8754
223	3.8754
224	3.8846
225	3.8384
226	3.8014
227	3.8014
228	3.8846
229	3.9124
230	3.9864
231	4.0326
232	3.8661
233	3.8569
234	3.8661
235	3.8661
236	3.7921
237	3.7736
238	3.9216
239	3.8476
240	3.8846
241	3.8291
242	3.8476
243	3.7367
244	3.6997
245	3.7921
246	3.7367
247	3.7459
248	3.7367
249	3.7551
250	3.6997
251	3.6997
252	3.6997
253	3.6072
254	3.5979
255	3.6257
256	3.6257
257	3.5979
258	3.8291
259	3.7829
260	3.7274
261	3.7274
262	3.6072
263	3.6349
264	3.5794
265	3.4407
266	3.5702
267	3.5147
268	3.4592
269	3.4777
270	3.4222
271	3.4684
272	3.3667
273	3.2834
274	3.191
275	3.2557
276	3.3759
277	3.2557
278	3.2372
279	3.3019
280	3.1725
281	3.117
282	3.0522
283	3.0615
284	3.1632
285	3.191
286	3.2187
287	3.043
288	3.0522
289	3.1077
290	3.3852
291	3.4037
292	3.1725
293	3.1632
294	3.3204
295	3.2187
296	3.3204
297	3.2464
298	3.1355
299	3.1725
300	3.117
301	3.3112
302	3.191
303	3.5239
304	3.5517
305	3.7459
306	3.7921
307	4.4211
308	4.0049
309	4.0511
310	3.9771
311	3.8846
312	3.6534
313	3.7182
314	3.7459
315	3.8384
316	3.5147
317	3.5239
318	3.5609
319	3.5979
320	3.6257
321	3.6812
322	3.6349
323	3.5147
324	3.4499
325	3.3759
326	3.3389
327	3.4222
328	3.7736
329	3.7274
330	3.6072
331	3.5887
332	3.5239
333	3.6997
334	3.8199
335	3.8291
336	3.7274
337	3.5979
338	3.5147
339	3.6257
340	3.8661
341	3.8661
342	3.8661
343	3.9864
344	3.8384
345	3.8754
346	3.7459
347	3.7459
348	3.8106
349	3.6349
350	3.6627
351	3.5979
352	3.5847
353	3.8081
354	3.864
355	3.8454
356	3.7523
357	3.6685
358	3.6871
359	3.7709
360	3.9105
361	3.7616
362	3.7057
363	3.7616
364	3.7616
365	3.8733
366	4.0036
367	3.9571
368	3.985
369	3.9385
370	3.9292
371	3.9012
372	3.9198
373	3.985
374	4.0036
375	3.9198
376	3.8919
377	3.9012
378	4.0223
379	4.0409
380	4.0781
381	4.0595
382	4.0595
383	4.013
384	4.013
385	4.0316
386	4.0874
387	4.134
388	4.1899
389	4.2085
390	4.3016
391	4.3668
392	4.3854
393	4.3575
394	4.2457
395	4.4226
396	4.4971
397	4.3388
398	4.3668
399	4.4319
400	4.4506
401	4.4226
402	4.4226
403	4.2923
404	4.3295
405	4.4133
406	4.4226
407	4.4319
408	4.4226
409	4.4506
410	4.3109
411	4.3016
412	4.4319
413	4.3947
414	4.4319
415	4.4599
416	4.4412
417	4.5902
418	4.5995
419	4.5623
420	4.5344
421	4.6088
422	4.6554
423	4.6554
424	4.8044
425	4.7578
426	4.6554
427	4.6554
428	4.6926
429	4.7113
430	4.6554
431	4.5809
432	4.525
433	4.4226
434	4.4226
435	4.4878
436	4.3202
437	4.2178
438	4.2457
439	4.2271
440	4.3202
441	4.2737
442	4.2923
443	4.283
444	4.1433
445	3.9943
446	4.0036
447	3.9943
448	3.9385
449	3.864
450	3.8733
451	3.9943
452	3.9292
453	3.8826
454	3.9571
455	4.0502
456	4.0688
457	4.1805
458	4.134
459	4.1154
460	4.283
461	4.0874
462	4.0781
463	4.3295
464	4.3016
465	4.2457
466	4.2737
467	4.255
468	4.2737
469	4.1992
470	4.3016
471	4.3668
472	4.3388
473	4.3295
474	4.283
475	4.3109
476	4.3388
477	4.4599
478	4.553
479	4.6461
480	4.6088
481	4.5995
482	4.674
483	4.6833
484	4.5902
485	4.5902
486	4.5716
487	4.5809
488	4.6182
489	4.6461
490	4.5902
491	4.6461
492	4.6182
493	4.6833
494	4.7578
495	4.6833
496	4.6647
497	4.674
498	4.7113
499	4.7299
500	4.6647
501	4.7485
502	4.6275
503	4.7299
504	4.7299
505	4.6833
506	4.7485
507	4.674
508	4.7206
509	4.6275
510	4.5809
511	4.5064
512	4.4878
513	4.525
514	4.6368
515	4.6926
516	4.8323
517	4.8323
518	4.8323
519	4.8509
520	4.8044
521	4.7671
522	4.7671
523	4.7857
524	4.6647
525	4.7299
526	4.9068
527	4.8137
528	4.8695
529	4.8975
530	4.944
531	4.8509
532	4.9347
533	4.9533
534	4.9999
535	4.9533
536	4.9068
537	4.9533
538	4.9627
539	5.0465
540	5.0824
541	4.944
542	4.8882
543	4.8509
544	4.8882
545	4.823
546	4.7671
547	4.6647
548	4.6647
549	4.6182
550	4.674
551	4.6461
552	4.7485
553	4.7485
554	4.7485
555	4.7392
556	4.6275
557	4.6554
558	4.5716
559	4.4785
560	4.3295
561	4.3016
562	4.3388
563	4.3016
564	4.2457
565	4.2457
566	4.1712
567	4.0968
568	4.1433
569	4.134
570	4.134
571	4.1247
572	4.0316
573	4.0316
574	3.9385
575	4.0036
576	3.9571
577	3.9198
578	3.8547
579	3.864
580	3.7429
581	3.836
582	3.8733
583	3.8919
584	3.8826
585	3.9571
586	4.0409
587	3.9571
588	3.8826
589	3.9385
590	3.9943
591	3.9664
592	3.9757
593	3.9943
594	3.9664
595	4.0223
596	4.0223
597	4.0223
598	4.0223
599	4.1061
600	4.0874
601	4.0316
602	3.8919
603	3.9478
604	3.9571
605	4.0502
606	4.0036
607	3.9385
608	3.9385
609	3.985
610	4.0036
611	4.0874
612	4.1247
613	4.1619
614	4.0781
615	4.0968
616	4.1619
617	4.1619
618	4.0781
619	4.0688
620	4.013
621	4.0316
622	4.0036
623	4.0688
624	4.1061
625	4.1247
626	4.134
627	4.1526
628	4.1899
629	4.1805
630	4.0874
631	4.0409
632	4.0036
633	3.985
634	3.9385
635	3.9198
636	3.9198
637	3.9385
638	3.8826
639	3.864
640	3.8174
641	3.8174
642	3.836
643	3.7802
644	3.7616
645	3.7895
646	3.8267
647	3.8174
648	3.8174
649	3.864
650	3.8919
651	3.8826
652	3.9571
653	3.8733
654	3.8454
655	3.836
656	3.7616
657	3.7523
658	3.7802
659	3.7429
660	3.6591
661	3.6498
662	3.5847
663	3.3984
664	3.3426
665	3.4078
666	3.4078
667	3.4264
668	3.4171
669	3.3612
670	3.3705
671	3.3891
672	3.3891
673	3.3891
674	3.4078
675	3.3612
676	3.3426
677	3.3146
678	3.324
679	3.296
680	3.2402
681	3.175
682	3.175
683	3.2215
684	3.2215
685	3.1284
686	3.1098
687	3.1191
688	3.2495
689	3.3705
690	3.3705
691	3.3891
692	3.3333
693	3.324
694	3.3891
695	3.3519
696	3.4171
697	3.3984
698	3.4636
699	3.3798
700	3.296
701	3.1657
702	3.1657
703	2.9422
704	2.9236
705	2.905
706	2.7281
707	2.7048
708	2.5279
709	2.3556
710	2.0856
711	2.0856
712	2.2486
713	2.2625
714	2.3044
715	2.3649
716	2.5279
717	2.4068
718	2.3044
719	2.2858
720	2.2811
721	2.2486
722	2.2486
723	2.2718
724	2.4674
725	2.5512
726	2.458
727	2.3836
728	2.4301
729	2.5372
730	2.5372
731	2.4674
732	2.5325
733	2.607
734	2.6489
735	2.5046
736	2.6256
737	2.5139
738	2.4208
739	2.4208
740	2.486
741	2.4394
742	2.5046
743	2.4208
744	2.472
745	2.4767
746	2.4068
747	2.337
748	2.3556
749	2.2486
750	2.2672
751	2.3044
752	2.4674
753	2.5046
754	2.5744
755	2.621
756	2.7188
757	2.635
758	2.5791
759	2.6117
760	2.5698
761	2.5279
762	2.4953
763	2.5139
764	2.6489
765	2.6117
766	2.5605
767	2.5232
768	2.5232
769	2.4999
770	2.3836
771	2.4674
772	2.5418
773	2.4906
774	2.4674
775	2.4487
776	2.5093
777	2.5093
778	2.5093
779	2.5093
780	2.6443
781	2.6163
782	2.6163
783	2.6163
784	2.5651
785	2.5558
786	2.5232
787	2.5512
788	2.5372
789	2.6163
790	2.5744
791	2.5465
792	2.4953
793	2.5093
794	2.5139
795	2.5837
796	2.6722
797	2.6117
798	2.6536
799	2.6443
800	2.7281
801	2.7234
802	2.756
803	2.8351
804	2.7746
805	2.8305
806	2.7746
807	2.7188
808	2.5651
809	2.486
810	2.4953
811	2.4674
812	2.486
813	2.5046
814	2.5605
815	2.5698
816	2.458
817	2.4627
818	2.2998
819	2.3743
820	2.3463
821	2.2998
822	2.3184
823	2.3649
824	2.4255
825	2.5046
826	2.5372
827	2.6303
828	2.6163
829	2.6256
830	2.621
831	2.6908
832	2.7141
833	2.7513
834	2.8677
835	2.8119
836	2.8305
837	2.8305
838	2.8957
839	2.7932
840	2.7932
841	2.877
842	2.8025
843	2.9795
844	2.9236
845	3.2029
846	3.2029
847	3.2029
848	3.2402
849	3.3053
850	3.1657
851	3.2029
852	3.147
853	3.1657
854	3.1377
855	3.2029
856	3.3705
857	3.4357
858	3.3984
859	3.296
860	3.3612
861	3.445
862	3.4822
863	3.445
864	3.4171
865	3.3798
866	3.3891
867	3.3426
868	3.3426
869	3.3426
870	3.2495
871	3.3053
872	3.2681
873	3.2122
874	3.1657
875	3.0819
876	3.0446
877	3.1284
878	3.2495
879	3.1284
880	3.1098
881	3.1191
882	3.0446
883	3.0819
884	3.0446
885	2.9981
886	2.905
887	2.8491
888	2.9795
889	2.9515
890	2.9888
891	2.9515
892	2.9608
893	2.8957
894	2.9515
895	2.9981
896	2.9888
897	3.0912
898	3.147
899	3.0912
900	3.026
901	2.905
902	3.0074
903	3.0819
904	2.9608
905	2.9143
906	2.877
907	2.7746
908	2.8863
909	2.9143
910	2.7932
911	2.877
912	2.8584
913	2.7001
914	2.4767
915	2.4208
916	2.5698
917	2.4999
918	2.5139
919	2.3743
920	2.216
921	2.1508
922	2.0996
923	2.0577
924	2.1229
925	2.2905
926	2.1787
927	2.0763
928	2.0204
929	2.0158
930	2.053
931	2.0437
932	2.188
933	2.1461
934	2.1461
935	2.0484
936	2.0018
937	1.9832
938	2.0577
939	2.0018
940	2.1322
941	2.1275
942	2.0903
943	2.0949
944	1.9879
945	1.9879
946	2.053
947	2.1368
948	2.1415
949	2.216
950	2.2811
951	2.2253
952	2.2672
953	2.4115
954	2.3277
955	2.2718
956	2.3184
957	2.2858
958	2.1787
959	2.188
960	2.1415
961	2.188
962	2.2346
963	2.2532
964	2.3556
965	2.2905
966	2.2113
967	2.1741
968	2.1368
969	2.0949
970	1.9879
971	1.9366
972	1.8156
973	1.7272
974	1.7504
975	1.8063
976	1.7132
977	1.5828
978	1.6061
979	1.5828
980	1.5596
981	1.4292
982	1.4478
983	1.4246
984	1.3175
985	1.378
986	1.4944
987	1.4758
988	1.6108
989	1.5502
990	1.6015
991	1.5456
992	1.5316
993	1.5689
994	1.5083
995	1.4246
996	1.3594
997	1.4152
998	1.4758
999	1.5642
1000	1.5968
1001	1.5456
1002	1.6946
1003	1.6853
1004	1.6015
1005	1.4618
1006	1.4339
1007	1.4246
1008	1.5456
1009	1.5409
1010	1.6154
1011	1.6015
1012	1.6853
1013	1.6899
1014	1.6853
1015	1.783
1016	1.8482
1017	1.9832
1018	1.8901
1019	1.9972
1020	2.0437
1021	2.0437
1022	2.0391
1023	1.8808
1024	1.8947
1025	1.9134
1026	1.8854
1027	1.8482
1028	1.8528
1029	1.8947
1030	1.8808
1031	1.7877
1032	1.9646
1033	1.9227
1034	1.8901
1035	1.8575
1036	1.8622
1037	1.8808
1038	1.8808
1039	1.8808
1040	1.8808
1041	1.8342
1042	1.8715
1043	1.8715
1044	1.8715
1045	2.0298
1046	2.0763
1047	2.1415
1048	2.0996
1049	2.0018
1050	2.0577
1051	2.0344
1052	2.0437
1053	2.053
1054	2.0298
1055	2.0344
1056	1.9506
1057	1.8994
1058	1.8761
1059	1.8808
1060	1.8668
1061	1.8435
1062	1.7784
1063	1.7644
1064	1.7597
1065	1.8109
1066	1.797
1067	1.8947
1068	1.8342
1069	1.918
1070	1.8808
1071	1.9087
1072	1.8482
1073	1.932
1074	1.9134
1075	1.9785
1076	2.0484
1077	2.0763
1078	2.0158
1079	1.9879
1080	1.9925
1081	2.0065
1082	1.9646
1083	1.918
1084	1.8854
1085	1.9553
1086	2.0018
1087	1.9925
1088	1.918
1089	1.918
1090	1.8435
1091	1.8622
1092	1.7504
1093	1.7178
1094	1.6527
1095	1.783
1096	1.9087
1097	2.0111
1098	1.946
1099	2.0111
1100	1.9739
1101	2.0763
1102	1.9925
1103	2.0856
1104	2.0391
1105	2.0111
1106	2.0018
1107	1.8994
1108	1.9692
1109	2.0344
1110	2.0204
1111	2.0298
1112	2.1275
1113	2.0996
1114	2.067
1115	2.0158
1116	2.0344
1117	2.0717
1118	2.1601
1119	2.1694
1120	2.1229
1121	2.1229
1122	2.1229
1123	2.1042
1124	2.188
1125	2.1601
1126	2.1089
1127	2.1461
1128	2.1648
1129	2.1601
1130	2.1601
1131	2.1741
1132	2.188
1133	2.1927
1134	2.202
1135	2.0949
1136	2.1415
1137	2.1229
1138	2.1927
1139	2.2392
1140	2.3649
1141	2.3277
1142	2.2299
1143	2.2672
1144	2.2113
1145	2.2905
1146	2.3556
1147	2.3184
1148	2.3277
1149	2.4348
1150	2.5232
1151	2.5325
1152	2.5046
1153	2.4906
1154	2.4953
1155	2.4813
1156	2.458
1157	2.4208
1158	2.4813
1159	2.5698
1160	2.5651
1161	2.5046
1162	2.607
1163	2.6024
1164	2.7001
1165	2.635
1166	2.6443
1167	2.607
1168	2.6582
1169	2.6582
1170	2.6489
1171	2.6862
1172	2.5931
1173	2.5186
1174	2.5791
1175	2.6303
1176	2.6117
1177	2.7374
1178	2.7793
1179	2.7094
1180	2.7048
1181	2.6769
1182	2.7281
1183	2.7048
1184	2.6582
1185	2.6303
1186	2.6955
1187	2.6629
1188	2.6443
1189	2.621
1190	2.7001
1191	2.7094
1192	2.77
1193	2.7467
1194	2.7513
1195	2.7746
1196	2.756
1197	2.7094
1198	2.6862
1199	2.6582
1200	2.6489
1201	2.6955
1202	2.6862
1203	2.7048
1204	2.6862
1205	2.6815
1206	2.6815
1207	2.7001
1208	2.6908
1209	2.6908
1210	2.6629
1211	2.621
1212	2.607
1213	2.5837
1214	2.6163
1215	2.5837
1216	2.5465
1217	2.5884
1218	2.6303
1219	2.7187
1220	2.6722
1221	2.7001
1222	2.6489
1223	2.5791
1224	2.5744
1225	2.5651
1226	2.5698
1227	2.5698
1228	2.5931
1229	2.5977
1230	2.6769
1231	2.6908
1232	2.6163
1233	2.5791
1234	2.5698
1235	2.5325
1236	2.5093
1237	2.4813
1238	2.4208
1239	2.5186
1240	2.4999
1241	2.5698
1242	2.5698
1243	2.5605
1244	2.5512
1245	2.5837
1246	2.5698
1247	2.5977
1248	2.5884
1249	2.5884
1250	2.5744
1251	2.5372
1252	2.5837
1253	2.5884
1254	2.5605
1255	2.5279
1256	2.5232
1257	2.5232
1258	2.5465
1259	2.5837
1260	2.6675
1261	2.7001
1262	2.7141
1263	2.742
1264	2.7467
1265	2.756
1266	2.8538
1267	2.8305
1268	2.7932
1269	2.8212
1270	2.8863
1271	2.905
1272	2.8398
1273	2.8584
1274	2.8212
1275	2.7932
1276	2.7839
1277	2.8677
1278	2.9422
1279	2.9608
1280	2.9329
1281	2.9236
1282	2.9701
1283	2.9795
1284	2.9608
1285	3.1005
1286	3.026
1287	3.0167
1288	2.9329
1289	2.8584
1290	2.905
1291	2.8957
1292	2.9701
1293	2.9888
1294	3.0632
1295	3.0912
1296	2.9608
1297	2.8491
1298	2.9515
1299	2.9515
1300	2.9515
1301	2.9515
1302	2.9143
1303	2.8863
1304	2.8863
1305	2.8863
1306	2.9143
1307	2.8677
1308	2.877
1309	2.6815
1310	2.8398
1311	2.9236
1312	2.8398
1313	2.6815
1314	2.8119
1315	2.8398
1316	2.905
1317	2.9701
1318	2.9422
1319	2.9608
1320	2.9515
1321	2.9236
1322	2.9236
1323	3.0074
1324	2.9701
1325	2.9608
1326	2.9143
1327	2.8677
1328	2.8584
1329	2.905
1330	2.8305
1331	2.7839
1332	2.8212
1333	2.8305
1334	2.8398
1335	2.905
1336	2.8491
1337	2.8863
1338	2.8957
1339	2.8677
1340	2.8584
1341	2.7746
1342	2.7979
1343	2.7653
1344	2.7606
1345	2.7606
1346	2.7839
1347	2.7606
1348	2.7281
1349	2.6815
1350	2.6769
1351	2.756
1352	2.7094
1353	2.7141
1354	2.7746
1355	2.7374
1356	2.6908
1357	2.5837
1358	2.5605
1359	2.5698
1360	2.5232
1361	2.5279
1362	2.5325
1363	2.5465
1364	2.5139
1365	2.5884
1366	2.5651
1367	2.5651
1368	2.5465
1369	2.5046
1370	2.5558
1371	2.621
1372	2.6629
1373	2.6443
1374	2.6815
1375	2.6722
1376	2.6722
1377	2.6722
1378	2.7234
1379	2.6862
1380	2.6536
1381	2.6303
1382	2.4999
1383	2.5605
1384	2.5465
1385	2.5698
1386	2.5698
1387	2.6024
1388	2.6163
1389	2.607
1390	2.5977
1391	2.5698
1392	2.5744
1393	2.5884
1394	2.5931
1395	2.4999
1396	2.5279
1397	2.4999
1398	2.6163
1399	2.6908
1400	2.7513
1401	2.7048
1402	2.6675
1403	2.6955
1404	2.7513
1405	2.7606
1406	2.7653
1407	2.8212
1408	2.7746
1409	2.8072
1410	2.7746
1411	2.7374
1412	2.77
1413	2.7467
1414	2.7467
1415	2.7374
1416	2.8025
1417	2.8212
1418	2.8305
1419	2.8584
1420	2.8491
1421	2.8305
1422	2.8584
1423	2.8863
1424	2.8677
1425	2.8305
1426	2.8491
1427	2.877
1428	2.8398
1429	2.8584
1430	2.877
1431	2.9236
1432	2.9608
1433	2.9795
1434	2.9888
1435	2.9329
1436	2.9143
1437	2.9422
1438	2.905
1439	2.9143
1440	2.9329
1441	2.9422
1442	2.9329
1443	2.9329
1444	2.8863
1445	2.877
1446	2.8212
1447	2.8398
1448	2.8863
1449	2.8957
1450	2.8398
1451	2.8305
1452	2.8119
1453	2.8584
1454	2.8491
1455	2.877
1456	2.8677
1457	2.8957
1458	2.905
1459	2.8863
1460	2.8863
1461	2.8491
1462	2.8119
1463	2.8119
1464	2.7653
1465	2.6862
1466	2.6582
1467	2.7048
1468	2.742
1469	2.7374
1470	2.7281
1471	2.7001
1472	2.7513
1473	2.7513
1474	2.77
1475	2.8025
1476	2.8305
1477	2.8212
1478	2.8025
1479	2.8305
1480	2.905
1481	2.9236
1482	2.8584
1483	2.7932
1484	2.8119
1485	2.8398
1486	2.8491
1487	2.8491
1488	2.8212
1489	2.8305
1490	2.8584
1491	2.8491
1492	2.8491
1493	2.8957
1494	2.8677
1495	2.8863
1496	2.8212
1497	2.8025
1498	2.8212
1499	2.8398
1500	2.8491
1501	2.8584
1502	2.877
1503	2.9143
1504	2.877
1505	2.8863
1506	2.9236
1507	2.9608
1508	2.9608
1509	3.0167
1510	2.9701
1511	2.9422
1512	2.9236
1513	2.9608
1514	2.9422
1515	2.9608
1516	3.0167
1517	2.9422
1518	2.9422
1519	2.9701
1520	2.9981
1521	2.9888
1522	3.0074
1523	3.0446
1524	3.0446
1525	3.0353
1526	3.0446
1527	3.1657
1528	3.2029
1529	3.1843
1530	3.1564
1531	3.1936
1532	3.1843
1533	3.147
1534	3.2588
1535	3.2402
1536	3.2308
1537	3.1564
1538	3.1377
1539	3.1191
1540	3.175
1541	3.1377
1542	3.1191
1543	3.1005
1544	3.1377
1545	3.1564
1546	3.175
1547	3.1657
1548	3.175
1549	3.1936
1550	3.1657
1551	3.1843
1552	3.2215
1553	3.2215
1554	3.2029
1555	3.2588
1556	3.2681
1557	3.2681
1558	3.2402
1559	3.2774
1560	3.296
1561	3.296
1562	3.2774
1563	3.2867
1564	3.2588
1565	3.296
1566	3.296
1567	3.2774
1568	3.2867
1569	3.3146
1570	3.3705
1571	3.3891
1572	3.3891
1573	3.3519
1574	3.3519
1575	3.3333
1576	3.3333
1577	3.3612
1578	3.3519
1579	3.3891
1580	3.3705
1581	3.3612
1582	3.3426
1583	3.3426
1584	3.3146
1585	3.3053
1586	3.3146
1587	3.317
1588	3.3286
1589	3.2867
1590	3.3077
1591	3.3682
1592	3.3658
1593	3.4054
1594	3.4822
1595	3.4962
1596	3.5078
1597	3.5009
1598	3.5753
1599	3.5218
1600	3.4753
1601	3.4543
1602	3.4054
1603	3.4473
1604	3.452
1605	3.4077
1606	3.459
1607	3.445
1608	3.4543
1609	3.4636
1610	3.4496
1611	3.4799
1612	3.4054
1613	3.3519
1614	3.3775
1615	3.4054
1616	3.3984
1617	3.4543
1618	3.4846
1619	3.4101
1620	3.4031
1621	3.4659
1622	3.4776
1623	3.5358
1624	3.5521
1625	3.6335
1626	3.6335
1627	3.6335
1628	3.594
1629	3.5753
1630	3.6498
1631	3.6498
1632	3.6126
1633	3.6126
1634	3.6498
1635	3.6498
1636	3.6638
1637	3.6685
1638	3.6778
1639	3.6545
1640	3.6568
1641	3.5195
1642	3.3379
1643	3.3565
1644	3.4008
1645	3.3752
1646	3.3775
1647	3.3775
1648	3.4822
1649	3.3915
1650	3.438
1651	3.4334
1652	3.4915
1653	3.5032
1654	3.5334
1655	3.5125
1656	3.4636
1657	3.4729
1658	3.4473
1659	3.4706
1660	3.459
1661	3.4473
1662	3.445
1663	3.3752
1664	3.3915
1665	3.3984
1666	3.3821
1667	3.4077
1668	3.3752
1669	3.3984
1670	3.445
1671	3.4124
1672	3.4915
1673	3.5358
1674	3.5847
1675	3.5823
1676	3.5334
1677	3.5334
1678	3.5707
1679	3.5381
1680	3.5078
1681	3.5823
1682	3.5521
1683	3.5381
1684	3.4915
1685	3.5055
1686	3.5195
1687	3.4915
1688	3.4822
1689	3.5195
1690	3.5218
1691	3.4846
1692	3.445
1693	3.4636
1694	3.4822
1695	3.5241
1696	3.5381
1697	3.5241
1698	3.5404
1699	3.6126
1700	3.5288
1701	3.6126
1702	3.6591
1703	3.6289
1704	3.7941
1705	3.8081
1706	3.7639
1707	3.7709
1708	3.8128
1709	3.7802
1710	3.7476
1711	3.7709
1712	3.7732
1713	3.7569
1714	3.7476
1715	3.7406
1716	3.7336
1717	3.7709
1718	3.7779
1719	3.7616
1720	3.7266
1721	3.715
1722	3.736
1723	3.7406
1724	3.7732
1725	3.7476
1726	3.701
1727	3.701
1728	3.6894
1729	3.6568
1730	3.6498
1731	3.7057
1732	3.6591
1733	3.6638
1734	3.6685
1735	3.6289
1736	3.587
1737	3.6312
1738	3.5986
1739	3.6359
1740	3.6871
1741	3.6964
1742	3.6778
1743	3.6685
1744	3.6266
1745	3.6359
1746	3.6266
1747	3.6242
1748	3.6033
1749	3.6498
1750	3.6428
1751	3.6778
1752	3.6754
1753	3.6754
1754	3.6382
1755	3.6312
1756	3.6335
1757	3.6685
1758	3.6103
1759	3.6242
1760	3.6079
1761	3.6103
1762	3.6312
1763	3.6196
1764	3.5986
1765	3.5963
1766	3.5614
1767	3.5381
1768	3.5497
1769	3.5125
1770	3.5474
1771	3.6079
1772	3.5847
1773	3.5614
1774	3.4869
1775	3.5241
1776	3.5288
1777	3.559
1778	3.5288
1779	3.6033
1780	3.5847
1781	3.5707
1782	3.6266
1783	3.6196
1784	3.6219
1785	3.6591
1786	3.6312
1787	3.708
1788	3.6917
1789	3.6894
1790	3.7103
1791	3.7522
1792	3.8081
1793	3.7476
1794	3.7453
1795	3.7476
1796	3.7802
1797	3.7732
1798	3.7895
1799	3.8128
1800	3.8663
1801	3.8873
1802	3.8733
1803	3.8547
1804	3.8174
1805	3.8686
1806	3.8523
1807	3.871
1808	3.864
1809	3.8523
1810	3.8663
1811	3.8686
1812	3.8803
1813	3.8663
1814	3.8966
1815	3.9059
1816	3.9757
1817	4.0805
1818	4.134
1819	4.1549
1820	4.1061
1821	4.1154
1822	4.1154
1823	4.1247
1824	4.1805
1825	4.1992
1826	4.1666
1827	4.1992
1828	4.1829
1829	4.2434
1830	4.1666
1831	4.1829
1832	4.1363
1833	4.1247
1834	4.2015
1835	4.2364
1836	4.2061
1837	4.2597
1838	4.2085
1839	4.1945
1840	4.1899
1841	4.12
1842	4.1317
1843	4.1061
1844	4.1852
1845	4.2923
1846	4.2853
1847	4.3202
1848	4.3598
1849	4.4552
1850	4.4063
1851	4.4133
1852	4.5576
1853	4.4878
1854	4.4552
1855	4.4901
1856	4.3854
1857	4.4482
1858	4.4436
1859	4.3807
1860	4.4063
1861	4.4599
1862	4.4738
1863	4.5902
1864	4.6624
1865	4.6135
1866	4.6228
1867	4.7113
1868	4.6181
1869	4.6158
1870	4.5902
1871	4.553
1872	4.5413
1873	4.5111
1874	4.4878
1875	4.6275
1876	4.7206
1877	4.7066
1878	4.7438
1879	4.837
1880	4.7811
1881	4.7252
1882	4.7485
1883	4.7718
1884	4.7113
1885	4.6694
1886	4.5949
1887	4.553
1888	4.6181
1889	4.5716
1890	4.6368
1891	4.5902
1892	4.6647
1893	4.6414
1894	4.7299
1895	4.6554
1896	4.6088
1897	4.6647
1898	4.5111
1899	4.525
1900	4.5111
1901	4.5111
1902	4.5111
1903	4.4319
1904	4.5576
1905	4.6624
1906	4.6647
1907	4.4156
1908	4.4017
1909	4.4878
1910	4.4226
1911	4.3761
1912	4.3761
1913	4.4226
1914	4.3365
1915	4.3691
1916	4.4645
1917	4.5181
1918	4.5297
1919	4.5344
1920	4.5553
1921	4.4482
1922	4.397
1923	4.3737
1924	4.2085
1925	4.1968
1926	4.2155
1927	4.1503
1928	4.1712
1929	4.141
1930	4.2155
1931	4.2271
1932	4.1852
1933	4.1177
1934	4.2061
1935	4.2434
1936	4.2364
1937	4.2457
1938	4.1503
1939	4.2411
1940	4.1573
1941	4.2038
1942	4.1433
1943	4.0688
1944	4.0874
1945	4.1619
1946	4.0735
1947	4.1224
1948	4.1061
1949	4.1247
1950	4.148
1951	4.1759
1952	4.1782
1953	4.1456
1954	4.1456
1955	4.2294
1956	4.2643
1957	4.3109
1958	4.3039
1959	4.2667
1960	4.2294
1961	4.1759
1962	4.1899
1963	4.1433
1964	4.1247
1965	4.0502
1966	4.0199
1967	3.9967
1968	3.9594
1969	4.0944
1970	4.0642
1971	4.0292
1972	4.1433
1973	4.1014
1974	4.1293
1975	4.1968
1976	4.2457
1977	4.2155
1978	4.1712
1979	4.2178
1980	4.1782
1981	4.2085
1982	4.1805
1983	4.2085
1984	4.3016
1985	4.2387
1986	4.2201
1987	4.255
1988	4.255
1989	4.3435
1990	4.4412
1991	4.4366
1992	4.3761
1993	4.3947
1994	4.3481
1995	4.6647
1996	4.7019
1997	4.6414
1998	4.7206
1999	4.8137
2000	4.8695
2001	4.9347
2002	4.8602
2003	4.8695
2004	4.9068
2005	4.8928
2006	4.8463
2007	4.7671
2008	4.7532
2009	4.7764
2010	4.7857
2011	4.7811
2012	4.7206
2013	4.7299
2014	4.7392
2015	4.8044
2016	4.7438
2017	4.7485
2018	4.7532
2019	4.7625
2020	4.8183
2021	4.8323
2022	4.8137
2023	4.8416
2024	4.9114
2025	4.9021
2026	4.9068
2027	5.0185
2028	5.1442
2029	5.2234
2030	5.2047
2031	5.0651
2032	5.093
2033	5.0464
2034	5.0558
2035	4.9813
2036	4.972
2037	4.9533
2038	4.972
2039	4.9626
2040	4.9068
2041	4.8975
2042	4.9347
2043	4.9859
2044	4.9999
2045	4.9813
2046	4.9766
2047	5.0185
2048	4.9999
2049	4.9673
2050	4.9766
2051	5.0092
2052	5.0418
2053	5.0464
2054	5.1349
2055	5.093
2056	5.1116
2057	5.1302
2058	5.1535
2059	5.1861
2060	5.1768
2061	5.1349
2062	5.0325
2063	5.0278
2064	5.0371
2065	4.9673
2066	4.9208
2067	4.9626
2068	4.9626
2069	5.0278
2070	5.0045
2071	4.944
2072	4.9487
2073	4.944
2074	4.972
2075	4.9626
2076	4.9952
2077	5.0185
2078	5.0092
2079	5.0185
2080	5.079
2081	5.0139
2082	5.0139
2083	5.0139
2084	5.079
2085	5.2094
2086	5.4468
2087	5.4468
2088	5.4375
2089	5.4468
2090	5.3677
2091	5.3211
2092	5.2885
2093	5.2978
2094	5.2234
2095	5.3444
2096	5.3816
2097	5.4235
2098	5.3956
2099	5.363
2100	5.3071
2101	5.3723
2102	5.4468
2103	5.5073
2104	5.5166
2105	5.5027
2106	5.4282
2107	5.4468
2108	5.3863
2109	5.3863
2110	5.4049
2111	5.3909
2112	5.349
2113	5.3444
2114	5.3584
2115	5.3165
2116	5.3723
2117	5.2746
2118	5.2746
2119	5.3304
2120	5.3071
2121	5.2978
2122	5.2978
2123	5.2699
2124	5.2047
2125	5.2234
2126	5.2978
2127	5.3165
2128	5.1954
2129	5.1256
2130	5.1209
2131	5.1349
2132	5.0464
2133	5.0651
2134	5.0092
2135	5.0744
2136	5.0697
2137	5.0092
2138	4.9766
2139	4.8789
2140	4.9813
2141	4.9533
2142	5.0232
2143	5.0325
2144	5.1908
2145	5.3304
2146	5.3816
2147	5.3258
2148	5.2699
2149	5.2047
2150	5.3025
2151	5.2932
2152	5.2699
2153	5.3537
2154	5.363
2155	5.3584
2156	5.3584
2157	5.3584
2158	5.4841
2159	5.5306
2160	5.4468
2161	5.4794
2162	5.5632
2163	5.5632
2164	5.5353
2165	5.4654
2166	5.5632
2167	5.6097
2168	5.633
2169	5.7448
2170	5.7354
2171	5.7354
2172	5.7541
2173	5.7541
2174	5.7634
2175	5.7448
2176	5.782
2177	5.8286
2178	5.782
2179	5.796
2180	5.7448
2181	5.6935
2182	5.6842
2183	5.6516
2184	5.647
2185	5.6284
2186	5.6703
2187	5.3397
2188	5.3444
2189	5.3863
2190	5.2839
2191	5.2699
2192	5.2792
2193	5.2699
2194	5.3071
2195	5.2792
2196	5.2513
2197	5.2094
2198	5.2513
2199	5.2047
2200	5.1442
2201	5.1396
2202	5.1256
2203	5.0837
2204	5.1349
2205	5.2047
2206	5.3258
2207	5.3071
2208	5.3165
2209	5.2792
2210	5.228
2211	5.2047
2212	5.1768
2213	5.1489
2214	5.0883
2215	5.1023
2216	5.1489
2217	5.1442
2218	5.1768
2219	5.1675
2220	5.1163
2221	5.079
2222	5.079
2223	4.9906
2224	4.9813
2225	4.9906
2226	5.0837
2227	5.1116
2228	5.0744
2229	5.0371
2230	5.107
2231	5.0139
2232	5.0511
2233	4.9626
2234	4.9906
2235	4.9813
2236	5.093
2237	5.0744
2238	5.2001
2239	5.0977
2240	5.1442
2241	5.1302
2242	5.093
2243	5.2327
2244	5.3351
2245	5.2606
2246	5.1489
2247	5.2466
2248	5.2047
2249	5.2047
2250	5.0558
2251	5.2234
2252	5.228
2253	5.242
2254	5.2327
2255	5.2466
2256	5.2559
2257	5.228
2258	5.1302
2259	5.1256
2260	5.1209
2261	5.1489
2262	5.1675
2263	5.1628
2264	5.0139
2265	5.0092
2266	4.8509
2267	4.8323
2268	4.9208
2269	4.9161
2270	4.9301
2271	4.9208
2272	4.9487
2273	5.0371
2274	5.1349
2275	5.1256
2276	5.0511
2277	5.0604
2278	5.0185
2279	5.0278
2280	5.0185
2281	5.0418
2282	5.1489
2283	5.1209
2284	5.1675
2285	5.242
2286	5.2466
2287	5.2001
2288	5.2047
2289	5.1582
2290	5.1349
2291	5.1209
2292	5.0139
2293	5.0232
2294	4.9999
2295	4.972
2296	5.0185
2297	4.958
2298	4.9906
2299	4.9347
2300	4.9254
2301	4.9766
2302	5.0278
2303	5.0651
2304	5.0837
2305	4.9906
2306	4.9301
2307	4.9114
2308	4.9394
2309	4.9254
2310	4.8137
2311	4.7857
2312	4.8556
2313	4.9254
2314	4.837
2315	4.7904
2316	4.8183
2317	4.7578
2318	4.8183
2319	4.7532
2320	4.7578
2321	4.8602
2322	4.8556
2323	4.8509
2324	4.972
2325	5.0139
2326	5.0744
2327	5.0418
2328	5.0045
2329	5.0697
2330	5.0977
2331	5.107
2332	5.1116
2333	5.0977
2334	5.0651
2335	5.0325
2336	5.0604
2337	5.0185
2338	5.0278
2339	4.9999
2340	4.8975
2341	4.9766
2342	4.9766
2343	4.9766
2344	4.9766
2345	5.0045
2346	5.0371
2347	5.0371
2348	5.0371
2349	4.9347
2350	4.9487
2351	4.9114
2352	4.9021
2353	4.8276
2354	4.7671
2355	4.8416
2356	4.9114
2357	4.9301
2358	4.7578
2359	4.7299
2360	4.6787
2361	4.6088
2362	4.3714
2363	4.4575
2364	4.2806
2365	4.3993
2366	4.3458
2367	4.4133
2368	4.4366
2369	4.4156
2370	4.425
2371	4.4366
2372	4.4575
2373	4.2597
2374	4.2713
2375	4.2224
2376	4.1433
2377	4.1037
2378	4.2248
2379	4.2504
2380	4.2434
2381	4.1526
2382	4.2318
2383	4.2224
2384	4.2131
2385	4.2248
2386	4.0898
2387	4.1712
2388	4.283
2389	4.3086
2390	4.1945
2391	4.1433
2392	4.1014
2393	4.0269
2394	4.0921
2395	3.992
2396	3.9571
2397	3.9245
2398	4.0874
2399	4.1573
2400	4.1107
2401	4.1177
2402	3.9897
2403	4.1224
2404	3.9571
2405	4.0479
2406	4.0479
2407	4.0479
2408	4.1922
2409	4.1224
2410	4.1829
2411	4.1875
2412	4.1573
2413	4.3249
2414	4.4506
2415	4.4203
2416	4.418
2417	4.4762
2418	4.4762
2419	4.4319
2420	4.3807
2421	4.3737
2422	4.3249
2423	4.3365
2424	4.4087
2425	4.418
2426	4.5064
2427	4.4925
2428	4.4692
2429	4.4692
2430	4.4785
2431	4.4831
2432	4.4669
2433	4.4366
2434	4.4715
2435	4.4715
2436	4.5227
2437	4.4785
2438	4.4575
2439	4.4482
2440	4.3295
2441	4.2504
2442	4.1992
2443	4.2108
2444	4.3179
2445	4.3412
2446	4.3109
2447	4.0047
2448	3.9649
2449	3.9133
2450	3.9156
2451	3.9016
2452	3.8898
2453	3.9227
2454	3.9016
2455	3.8734
2456	3.9532
2457	3.8734
2458	3.8711
2459	3.8711
2460	3.8007
2461	3.6741
2462	3.6577
2463	3.6577
2464	3.5499
2465	3.585
2466	3.6038
2467	3.517
2468	3.5381
2469	3.4983
2470	3.4584
2471	3.4022
2472	3.3717
2473	3.3693
2474	3.4678
2475	3.4233
2476	3.3951
2477	3.4022
2478	3.4022
2479	3.4584
2480	3.5241
2481	3.4303
2482	3.442
2483	3.3904
2484	3.4444
2485	3.4584
2486	3.292
2487	3.2849
2488	3.1747
2489	3.2146
2490	3.2427
2491	3.2591
2492	3.2521
2493	3.2005
2494	3.374
2495	3.4889
2496	3.4584
2497	3.4397
2498	3.3764
2499	3.3928
2500	3.3975
2501	3.4162
2502	3.3881
2503	3.5921
2504	3.6108
2505	3.6132
2506	3.6014
2507	3.6929
2508	3.6577
2509	3.5264
2510	3.5264
2511	3.5264
2512	3.51
2513	3.3951
2514	3.3318
2515	3.2075
2516	3.2521
2517	3.2029
2518	3.2286
2519	3.2122
2520	3.4139
2521	3.4444
2522	3.4866
2523	3.6437
2524	3.6718
2525	3.5358
2526	3.5006
2527	3.6343
2528	3.714
2529	3.639
2530	3.5803
2531	3.6648
2532	3.5569
2533	3.3881
2534	3.2615
2535	3.3248
2536	3.6952
2537	3.6108
2538	3.5686
2539	3.6202
2540	3.7421
2541	3.7515
2542	3.5803
2543	3.6061
2544	3.5874
2545	3.5358
2546	3.6577
2547	3.2451
2548	3.2873
2549	3.095
2550	2.8605
2551	2.7198
2552	3.1489
2553	3.2427
2554	3.0669
2555	2.6823
2556	2.823
2557	2.8769
2558	2.9168
2559	2.823
2560	2.7691
2561	2.4713
2562	2.2204
2563	2.0352
2564	2.3916
2565	2.6167
2566	2.6659
2567	2.7292
2568	2.9824
2569	2.9074
2570	2.8418
2571	2.8418
2572	2.8371
2573	2.3588
2574	2.197
2575	2.2415
2576	2.2626
2577	2.0774
2578	2.129
2579	2.0071
2580	2.0258
2581	2.0047
2582	2.2415
2583	2.204
2584	2.2462
2585	2.279
2586	2.2134
2587	2.0235
2588	2.1126
2589	2.1571
2590	2.0938
2591	2.0117
2592	2.2157
2593	2.2603
2594	2.3025
2595	2.2017
2596	2.0985
2597	2.0422
2598	2.1384
2599	2.1618
2600	2.2884
2601	2.408
2602	2.3447
2603	2.3447
2604	2.3447
2605	2.3447
2606	2.3447
2607	2.3541
2608	2.3799
2609	2.3799
2610	2.3799
2611	2.3822
2612	2.4127
2613	2.5416
2614	2.5604
2615	2.5885
2616	2.4666
2617	2.4877
2618	2.3869
2619	2.3166
2620	2.2673
2621	2.3212
2622	2.2321
2623	2.1384
2624	2.0258
2625	2.0305
2626	2.0633
2627	2.1735
2628	2.204
2629	2.3588
2630	2.3259
2631	2.3189
2632	2.2439
2633	2.1853
2634	2.1946
2635	2.1712
2636	2.2603
2637	2.3142
2638	2.2744
2639	2.2368
2640	2.1548
2641	2.204
2642	2.129
2643	1.9672
2644	2.0024
2645	1.9719
2646	1.6694
2647	1.645
2648	1.7501
2649	1.7576
2650	1.8664
2651	1.8157
2652	1.6704
2653	1.5878
2654	1.6225
2655	1.4706
2656	1.3618
2657	1.313
2658	1.5194
2659	1.5963
2660	1.5944
2661	1.601
2662	1.6844
2663	1.6694
2664	1.7913
2665	1.7257
2666	1.7557
2667	1.9203
2668	1.9226
2669	1.9508
2670	2.0633
2671	2.0446
2672	1.8476
2673	1.9438
2674	1.925
2675	1.9977
2676	2.0305
2677	1.9836
2678	1.9039
2679	1.9578
2680	2.0915
2681	2.0915
2682	2.0915
2683	2.1853
2684	2.1477
2685	2.1712
2686	2.2134
2687	2.1008
2688	2.0891
2689	2.1407
2690	2.1196
2691	2.1618
2692	2.1806
2693	2.1055
2694	2.1571
2695	2.2861
2696	2.2861
2697	2.3212
2698	2.2931
2699	2.3728
2700	2.3212
2701	2.401
2702	2.3916
2703	2.3916
2704	2.1946
2705	2.1665
2706	2.3259
2707	2.4291
2708	2.4525
2709	2.4994
2710	2.4174
2711	2.4385
2712	2.4244
2713	2.4361
2714	2.4174
2715	2.3728
2716	2.3517
2717	2.4643
2718	2.4197
2719	2.3564
2720	2.3353
2721	2.3189
2722	2.2509
2723	2.2837
2724	2.3447
2725	2.3635
2726	2.3259
2727	2.2486
2728	2.1923
2729	2.1642
2730	2.1923
2731	2.1384
2732	2.1102
2733	2.0962
2734	2.1618
2735	2.143
2736	2.1313
2737	2.1712
2738	2.1524
2739	2.2228
2740	2.1149
2741	2.1384
2742	2.0821
2743	2.0821
2744	2.0047
2745	2.0586
2746	2.0352
2747	2.0563
2748	2.1477
2749	2.211
2750	2.2345
2751	2.2275
2752	2.2368
2753	2.2978
2754	2.3025
2755	2.3517
2756	2.3588
2757	2.34
2758	2.3166
2759	2.3353
2760	2.4549
2761	2.4502
2762	2.4643
2763	2.4666
2764	2.4572
2765	2.544
2766	2.6589
2767	2.7386
2768	2.6917
2769	2.7011
2770	2.7409
2771	2.6894
2772	2.5792
2773	2.5862
2774	2.5229
2775	2.5463
2776	2.5932
2777	2.6636
2778	2.7222
2779	2.7878
2780	2.7972
2781	2.8652
2782	2.8347
2783	2.7269
2784	2.6683
2785	2.6823
2786	2.7574
2787	2.8113
2788	2.7597
2789	2.7855
2790	2.7855
2791	2.8394
2792	2.8113
2793	2.823
2794	2.8793
2795	2.8793
2796	2.8887
2797	2.8371
2798	2.8418
2799	2.9145
2800	2.8136
2801	2.7691
2802	2.8371
2803	2.8371
2804	2.8347
2805	2.7761
2806	2.7175
2807	2.6987
2808	2.8371
2809	2.83
2810	2.8629
2811	2.8957
2812	2.9473
2813	2.898
2814	2.966
2815	2.9543
2816	2.9098
2817	2.9942
2818	2.9684
2819	3.0012
2820	2.9051
2821	2.8558
2822	2.7667
2823	2.7363
2824	2.7034
2825	2.762
2826	2.6964
2827	2.7011
2828	2.6331
2829	2.6401
2830	2.6847
2831	2.68
2832	2.7198
2833	2.762
2834	2.8441
2835	2.8535
2836	2.8723
2837	2.9426
2838	2.891
2839	2.891
2840	2.7972
2841	2.7433
2842	2.7832
2843	2.7972
2844	2.8019
2845	2.687
2846	2.7245
2847	2.7058
2848	2.7691
2849	2.7691
2850	2.8089
2851	2.8887
2852	2.8535
2853	2.83
2854	2.8136
2855	2.8207
2856	2.8254
2857	2.8558
2858	2.8582
2859	2.9027
2860	2.8535
2861	2.8207
2862	2.8535
2863	2.8934
2864	2.9238
2865	2.9238
2866	2.9238
2867	2.9731
2868	2.9965
2869	2.9543
2870	2.9543
2871	2.9543
2872	2.9684
2873	2.9473
2874	2.9848
2875	2.9426
2876	2.9824
2877	2.9684
2878	2.9543
2879	2.9824
2880	3.0036
2881	2.9238
2882	2.9074
2883	2.9402
2884	2.8418
2885	2.7996
2886	2.7152
2887	2.7011
2888	2.7105
2889	2.6307
2890	2.5674
2891	2.605
2892	2.6448
2893	2.6847
2894	2.6401
2895	2.4994
2896	2.3986
2897	2.4807
2898	2.4268
2899	2.5346
2900	2.4596
2901	2.469
2902	2.4572
2903	2.4291
2904	2.5323
2905	2.5088
2906	2.5346
2907	2.5299
2908	2.4619
2909	2.4479
2910	2.4268
2911	2.4221
2912	2.4572
2913	2.4549
2914	2.4971
2915	2.5463
2916	2.6612
2917	2.6706
2918	2.6448
2919	2.6706
2920	2.6331
2921	2.6706
2922	2.6448
2923	2.6823
2924	2.7316
2925	2.7269
2926	2.6612
2927	2.6284
2928	2.6073
2929	2.6096
2930	2.6425
2931	2.6425
2932	2.6495
2933	2.6143
2934	2.5862
2935	2.6401
2936	2.6401
2937	2.6401
2938	2.6401
2939	2.5932
2940	2.5346
2941	2.5721
2942	2.619
2943	2.6261
2944	2.7198
2945	2.7058
2946	2.6237
2947	2.5932
2948	2.6378
2949	2.5909
2950	2.5463
2951	2.5299
2952	2.5276
2953	2.3846
2954	2.3494
2955	2.3353
2956	2.3423
2957	2.3423
2958	2.1735
2959	2.1243
2960	1.9602
2961	1.8828
2962	2.2533
2963	2.197
2964	2.2321
2965	2.1548
2966	2.0399
2967	2.0633
2968	2.1149
2969	2.0141
2970	1.986
2971	2.0516
2972	1.9695
2973	1.9039
2974	1.9109
2975	2.0446
2976	2.0141
2977	2.0375
2978	1.9719
2979	1.9578
2980	1.9906
2981	1.8692
2982	1.8617
2983	1.8457
2984	1.8969
2985	1.9836
2986	2.0422
2987	2.1008
2988	2.1665
2989	2.1618
2990	2.1595
2991	2.2462
2992	2.2392
2993	2.1806
2994	2.1759
2995	2.1102
2996	2.1853
2997	2.1759
2998	2.0071
2999	2.0493
3000	2.0047
3001	2.0117
3002	1.9719
3003	2.0422
3004	2.2017
3005	2.2439
3006	2.2744
3007	2.2814
3008	2.3306
3009	2.3142
3010	2.2533
3011	2.2439
3012	2.2064
3013	2.204
3014	2.1735
3015	2.2767
3016	2.2533
3017	2.3447
3018	2.4385
3019	2.408
3020	2.3939
3021	2.3822
3022	2.469
3023	2.476
3024	2.4408
3025	2.408
3026	2.3564
3027	2.4103
3028	2.4174
3029	2.272
3030	2.2439
3031	2.2157
3032	2.2017
3033	2.2392
3034	2.2134
3035	2.1477
3036	2.0985
3037	2.1407
3038	2.1266
3039	2.0751
3040	2.1595
3041	2.1173
3042	2.0938
3043	2.0774
3044	2.1735
3045	2.1806
3046	2.2439
3047	2.2533
3048	2.2087
3049	2.2298
3050	2.3001
3051	2.2837
3052	2.3025
3053	2.3001
3054	2.2837
3055	2.2603
3056	2.2533
3057	2.279
3058	2.3142
3059	2.2673
3060	2.2157
3061	2.2884
3062	2.2837
3063	2.2556
3064	2.2204
3065	2.2345
3066	2.2228
3067	2.1712
3068	2.2509
3069	2.2767
3070	2.2861
3071	2.2884
3072	2.2978
3073	2.3259
3074	2.3775
3075	2.3564
3076	2.3658
3077	2.4221
3078	2.4408
3079	2.483
3080	2.5112
3081	2.4948
3082	2.4291
3083	2.4338
3084	2.4291
3085	2.4268
3086	2.3705
3087	2.3353
3088	2.3611
3089	2.3025
3090	2.3377
3091	2.2673
3092	2.3119
3093	2.3353
3094	2.2134
3095	2.1829
3096	2.1923
3097	2.2204
3098	2.1946
3099	2.1899
3100	2.1993
3101	2.1595
3102	2.1008
3103	2.0282
3104	2.0328
3105	2.0094
3106	1.9977
3107	1.9156
3108	1.8804
3109	1.932
3110	2.0047
3111	2.0094
3112	1.9531
3113	1.9813
3114	2.0211
3115	2.068
3116	2.0352
3117	2.0586
3118	2.0727
3119	2.0141
3120	2.0188
3121	1.9508
3122	1.9836
3123	2.0305
3124	2.0117
3125	2.0047
3126	2.0047
3127	1.9695
3128	1.9508
3129	1.9484
3130	1.9039
3131	1.9039
3132	1.9273
3133	1.9649
3134	1.9297
3135	1.925
3136	1.8804
3137	1.7735
3138	1.8176
3139	2.0047
3140	2.054
3141	2.1055
3142	2.0891
3143	2.1407
3144	2.1477
3145	2.2228
3146	2.2556
3147	2.2673
3148	2.2181
3149	2.1899
3150	2.2978
3151	2.2579
3152	2.279
3153	2.333
3154	2.3939
3155	2.3236
3156	2.3517
3157	2.3611
3158	2.3353
3159	2.3119
3160	2.279
3161	2.2978
3162	2.272
3163	2.3423
3164	2.4291
3165	2.4221
3166	2.3752
3167	2.2528
3168	2.2153
3169	2.234
3170	2.2397
3171	2.2865
3172	2.2922
3173	2.2303
3174	2.2321
3175	2.2246
3176	2.2453
3177	2.2078
3178	2.2434
3179	2.2509
3180	2.2171
3181	2.1834
3182	2.219
3183	2.1215
3184	2.0071
3185	2.0652
3186	2.0652
3187	2.1384
3188	2.1384
3189	2.1309
3190	2.144
3191	2.1384
3192	2.1515
3193	2.054
3194	2.0502
3195	1.9583
3196	1.9789
3197	1.9977
3198	1.9977
3199	2.1046
3200	2.144
3201	2.1196
3202	2.1309
3203	2.1102
3204	2.1102
3205	2.0615
3206	2.0258
3207	1.9414
3208	1.962
3209	1.9545
3210	2.0371
3211	2.0371
3212	2.0371
3213	2.0333
3214	2.0877
3215	2.1008
3216	2.1027
3217	2.084
3218	2.0896
3219	2.0314
3220	1.9958
3221	2.0183
3222	1.9733
3223	2.0089
3224	2.0089
3225	1.9733
3226	1.9264
3227	1.9358
3228	1.8889
3229	1.8814
3230	1.8851
3231	1.8176
3232	1.694
3233	1.676
3234	1.761
3235	1.749
3236	1.781
3237	1.761
3238	1.803
3239	1.752
3240	1.748
3241	1.834
3242	1.779
3243	1.813
3244	1.789
3245	1.78
3246	1.761
3247	1.761
3248	1.805
3249	1.716
3250	1.74
3251	1.819
3252	1.804
3253	1.86
3254	1.864
3255	1.783
3256	1.707
3257	1.727
3258	1.762
3259	1.786
3260	1.836
3261	1.913
3262	1.9
3263	1.862
3264	1.779
3265	1.733
3266	1.654
3267	1.526
3268	1.577
3269	1.642
3270	1.607
3271	1.583
3272	1.48
3273	1.544
3274	1.646
3275	1.803
3276	1.752
3277	1.606
3278	1.656
3279	1.571
3280	1.621
3281	1.616
3282	1.489
3283	1.411
3284	1.372
3285	1.23
3286	1.299
3287	1.297
3288	1.312
3289	1.132
3290	1.208
3291	1.247
3292	1.247
3293	1.292
3294	1.318
3295	1.196
3296	1.132
3297	1.102
3298	1.095
3299	1.12
3300	1.138
3301	1.123
3302	1.157
3303	1.134
3304	1.134
3305	1.162
3306	1.106
3307	1.029
3308	0.997
3309	1.035
3310	1.044
3311	0.9595
3312	0.868
3313	0.923
3314	0.954
3315	1.052
3316	1.022
3317	0.98
3318	0.997
3319	0.967
3320	0.9525
3321	1.011
3322	1.095
3323	1.158
3324	1.157
3325	1.225
3326	1.19
3327	1.18
3328	1.107
3329	1.17
3330	1.237
3331	1.277
3332	1.35
3333	1.333
3334	1.398
3335	1.284
3336	1.298
3337	1.229
3338	1.244
3339	1.335
3340	1.204
3341	1.281
3342	1.292
3343	1.273
3344	1.278
3345	1.407
3346	1.394
3347	1.291
3348	1.087
3349	1.142
3350	1.184
3351	1.127
3352	1.159
3353	1.2
3354	1.149
3355	1.179
3356	1.283
3357	1.23
3358	1.218
3359	1.226
3360	1.19
3361	1.219
3362	1.15
3363	1.122
3364	1.08
3365	1.096
3366	1.079
3367	1.155
3368	1.157
3369	1.228
3370	1.241
3371	1.298
3372	1.348
3373	1.337
3374	1.3
3375	1.184
3376	1.277
3377	1.203
3378	1.207
3379	1.193
3380	1.258
3381	1.216
3382	1.22
3383	1.291
3384	1.306
3385	1.339
3386	1.31
3387	1.31
3388	1.279
3389	1.273
3390	1.292
3391	1.294
3392	1.33
3393	1.334
3394	1.283
3395	1.189
3396	1.137
3397	1.101
3398	1.174
3399	1.192
3400	1.24
3401	1.24
3402	1.256
3403	1.265
3404	1.281
3405	1.36
3406	1.381
3407	1.456
3408	1.453
3409	1.448
3410	1.458
3411	1.448
3412	1.416
3413	1.46
3414	1.541
3415	1.547
3416	1.564
3417	1.527
3418	1.55
3419	1.596
3420	1.577
3421	1.521
3422	1.491
3423	1.483
3424	1.492
3425	1.518
3426	1.541
3427	1.565
3428	1.528
3429	1.481
3430	1.448
3431	1.49
3432	1.484
3433	1.474
3434	1.461
3435	1.526
3436	1.51
3437	1.5
3438	1.426
3439	1.463
3440	1.503
3441	1.459
3442	1.435
3443	1.492
3444	1.498
3445	1.558
3446	1.564
3447	1.551
3448	1.523
3449	1.493
3450	1.46
3451	1.477
3452	1.46
3453	1.435
3454	1.425
3455	1.349
3456	1.344
3457	1.332
3458	1.269
3459	1.247
3460	1.235
3461	1.235
3462	1.235
3463	1.137
3464	1.199
3465	1.222
3466	1.163
3467	1.153
3468	1.246
3469	1.181
3470	1.143
3471	1.144
3472	1.072
3473	1.115
3474	1.157
3475	1.146
3476	1.166
3477	1.143
3478	1.143
3479	1.09
3480	1.056
3481	1.051
3482	1.092
3483	1.053
3484	1.023
3485	1.087
3486	1.071
3487	1.033
3488	0.9765
3489	0.9965
3490	0.991
3491	0.9975
3492	1.024
3493	1.071
3494	1.024
3495	1.025
3496	1.033
3497	1.016
3498	1.01
3499	1.002
3500	1.003
3501	0.9975
3502	1.055
3503	1.069
3504	1.126
3505	1.132
3506	1.098
3507	1.033
3508	0.9945
3509	0.9935
3510	1.022
3511	1.059
3512	0.983
3513	1.03
3514	1.05
3515	1.049
3516	1.037
3517	0.9695
3518	0.962
3519	0.993
3520	1.002
3521	1.118
3522	1.102
3523	1.127
3524	1.092
3525	1.044
3526	1.012
3527	1.03
3528	1.02
3529	1.042
3530	1.024
3531	1.022
3532	1.008
3533	0.977
3534	0.9965
3535	1.003
3536	0.9375
3537	0.921
3538	0.879
3539	0.8915
3540	0.97
3541	0.9905
3542	1.056
3543	1.033
3544	1.038
3545	0.938
3546	1.056
3547	1.096
3548	1.116
3549	1.125
3550	1.121
3551	1.093
3552	1.102
3553	1.111
3554	1.111
3555	1.162
3556	1.174
3557	1.179
3558	1.239
3559	1.247
3560	1.207
3561	1.19
3562	1.226
3563	1.221
3564	1.212
3565	1.201
3566	1.25
3567	1.261
3568	1.256
3569	1.261
3570	1.336
3571	1.356
3572	1.345
3573	1.358
3574	1.365
3575	1.333
3576	1.353
3577	1.344
3578	1.265
3579	1.268
3580	1.225
3581	1.256
3582	1.248
3583	1.281
3584	1.221
3585	1.221
3586	1.183
3587	1.235
3588	1.234
3589	1.244
3590	1.257
3591	1.298
3592	1.256
3593	1.246
3594	1.235
3595	1.278
3596	1.267
3597	1.268
3598	1.323
3599	1.36
3600	1.35
3601	1.307
3602	1.31
3603	1.282
3604	1.293
3605	1.267
3606	1.272
3607	1.238
3608	1.25
3609	1.239
3610	1.273
3611	1.265
3612	1.238
3613	1.254
3614	1.212
3615	1.218
3616	1.21
3617	1.194
3618	1.256
3619	1.234
3620	1.224
3621	1.185
3622	1.233
3623	1.22
3624	1.249
3625	1.259
3626	1.272
3627	1.258
3628	1.258
3629	1.247
3630	1.299
3631	1.294
3632	1.306
3633	1.326
3634	1.312
3635	1.294
3636	1.282
3637	1.216
3638	1.234
3639	1.26
3640	1.274
3641	1.276
3642	1.284
3643	1.308
3644	1.312
3645	1.312
3646	1.295
3647	1.295
3648	1.295
3649	1.295
3650	1.313
3651	1.3
3652	1.3
3653	1.3
3654	1.375
3655	1.372
3656	1.382
3657	1.404
3658	1.403
3659	1.438
3660	1.48
3661	1.491
3662	1.473
3663	1.496
3664	1.465
3665	1.49
3666	1.507
3667	1.506
3668	1.502
3669	1.463
3670	1.499
3671	1.486
3672	1.525
3673	1.524
3674	1.499
3675	1.502
3676	1.458
3677	1.38
3678	1.409
3679	1.386
3680	1.367
3681	1.399
3682	1.378
3683	1.41
3684	1.407
3685	1.384
3686	1.374
3687	1.364
3688	1.393
3689	1.376
3690	1.32
3691	1.345
3692	1.356
3693	1.233
3694	1.256
3695	1.243
3696	1.241
3697	1.201
3698	1.255
3699	1.262
3700	1.243
3701	1.264
3702	1.255
3703	1.26
3704	1.231
3705	1.252
3706	1.231
3707	1.2
3708	1.166
3709	1.206
3710	1.213
3711	1.223
3712	1.147
3713	1.124
3714	1.134
3715	1.142
3716	1.142
3717	1.142
3718	1.165
3719	1.133
3720	1.126
3721	1.15
3722	1.166
3723	1.208
3724	1.262
3725	1.264
3726	1.241
3727	1.251
3728	1.241
3729	1.25
3730	1.258
3731	1.294
3732	1.317
3733	1.359
3734	1.358
3735	1.358
3736	1.358
3737	1.394
3738	1.377
3739	1.377
3740	1.374
3741	1.386
3742	1.376
3743	1.399
3744	1.394
3745	1.37
3746	1.403
3747	1.386
3748	1.412
3749	1.46
3750	1.47
3751	1.477
3752	1.457
3753	1.424
3754	1.461
3755	1.398
3756	1.383
3757	1.405
3758	1.459
3759	1.428
3760	1.456
3761	1.459
3762	1.43
3763	1.449
3764	1.425
3765	1.361
3766	1.402
3767	1.361
3768	1.322
3769	1.291
3770	1.324
3771	1.336
3772	1.349
3773	1.35
3774	1.325
3775	1.264
3776	1.217
3777	1.232
3778	1.226
3779	1.269
3780	1.258
3781	1.231
3782	1.24
3783	1.223
3784	1.229
3785	1.3
3786	1.271
3787	1.3
3788	1.31
3789	1.283
3790	1.288
3791	1.259
3792	1.278
3793	1.263
3794	1.273
3795	1.32
3796	1.347
3797	1.37
3798	1.383
3799	1.405
3800	1.406
3801	1.398
3802	1.394
3803	1.433
3804	1.426
3805	1.459
3806	1.43
3807	1.414
3808	1.404
3809	1.432
3810	1.48
3811	1.494
3812	1.489
3813	1.491
3814	1.5
3815	1.5
3816	1.596
3817	1.53
3818	1.52
3819	1.514
3820	1.568
3821	1.563
3822	1.511
3823	1.445
3824	1.46
3825	1.498
3826	1.485
3827	1.536
3828	1.531
3829	1.508
3830	1.515
3831	1.536
3832	1.569
3833	1.607
3834	1.635
3835	1.621
3836	1.614
3837	1.63
3838	1.623
3839	1.645
3840	1.705
3841	1.689
3842	1.69
3843	1.697
3844	1.668
3845	1.605
3846	1.581
3847	1.525
3848	1.612
3849	1.688
3850	1.674
3851	1.687
3852	1.713
3853	1.703
3854	1.744
3855	1.782
3856	1.777
3857	1.769
3858	1.766
3859	1.825
3860	1.816
3861	1.815
3862	1.823
3863	1.841
3864	1.793
3865	1.82
3866	1.8
3867	1.758
3868	1.82
3869	1.806
3870	1.831
3871	1.83
3872	1.832
3873	1.79
3874	1.795
3875	1.744
3876	1.759
3877	1.79
3878	1.771
3879	1.73
3880	1.737
3881	1.699
3882	1.751
3883	1.725
3884	1.698
3885	1.737
3886	1.726
3887	1.726
3888	1.744
3889	1.754
3890	1.79
3891	1.78
3892	1.766
3893	1.722
3894	1.723
3895	1.664
3896	1.692
3897	1.7
3898	1.7
3899	1.677
3900	1.657
3901	1.654
3902	1.723
3903	1.679
3904	1.701
3905	1.744
3906	1.776
3907	1.78
3908	1.78
3909	1.78
3910	1.78
3911	1.798
3912	1.794
3913	1.794
3914	1.794
3915	1.783
3916	1.809
3917	1.828
3918	1.888
3919	1.929
3920	1.944
3921	1.911
3922	1.932
3923	1.95
3924	2.014
3925	1.946
3926	1.958
3927	1.948
3928	1.954
3929	1.977
3930	1.961
3931	1.931
3932	1.946
3933	1.968
3934	1.952
3935	1.958
3936	2.01
3937	1.952
3938	1.997
3939	2.034
3940	2.094
3941	2.096
3942	2.082
3943	2.14
3944	2.15
3945	2.132
3946	2.16
3947	2.19
3948	2.218
3949	2.234
3950	2.234
3951	2.194
3952	2.234
3953	2.236
3954	2.216
3955	2.216
3956	2.246
3957	2.156
3958	2.232
3959	2.288
3960	2.32
3961	2.276
3962	2.284
3963	2.25
3964	2.256
3965	2.214
3966	2.152
3967	2.17
3968	2.24
3969	2.262
3970	2.29
3971	2.304
3972	2.246
3973	2.26
3974	2.294
3975	2.32
3976	2.402
3977	2.46
3978	2.532
3979	2.472
3980	2.552
3981	2.588
3982	2.554
3983	2.506
3984	2.494
3985	2.456
3986	2.392
3987	2.396
3988	2.3
3989	2.404
3990	2.428
3991	2.428
3992	2.428
3993	2.478
3994	2.446
3995	2.462
3996	2.404
3997	2.416
3998	2.48
3999	2.46
4000	2.46
4001	2.46
4002	2.46
4003	2.448
4004	2.346
4005	2.454
4006	2.396
4007	2.384
4008	2.354
4009	2.346
4010	2.2
4011	2.266
4012	2.214
4013	2.28
4014	2.3
4015	2.268
4016	2.316
4017	2.414
4018	2.39
4019	2.436
4020	2.436
4021	2.458
4022	2.484
4023	2.45
4024	2.452
4025	2.51
4026	2.612
4027	2.612
4028	2.604
4029	2.558
4030	2.506
4031	2.496
4032	2.458
4033	2.44
4034	2.44
4035	2.424
4036	2.372
4037	2.336
4038	2.294
4039	2.292
4040	2.29
4041	2.278
4042	2.256
4043	2.322
4044	2.332
4045	2.346
4046	2.274
4047	2.232
4048	2.14
4049	2.202
4050	2.178
4051	2.198
4052	2.238
4053	2.202
4054	2.296
4055	2.23
4056	2.244
4057	2.202
4058	2.244
4059	2.264
4060	2.344
4061	2.304
4062	2.286
4063	2.3
4064	2.288
4065	2.23
4066	2.258
4067	2.29
4068	2.236
4069	2.164
4070	2.106
4071	2.128
4072	2.15
4073	2.12
4074	2.142
4075	2.116
4076	2.116
4077	2.156
4078	2.162
4079	2.158
4080	2.23
4081	2.228
4082	2.288
4083	2.326
4084	2.332
4085	2.262
4086	2.264
4087	2.246
4088	2.264
4089	2.33
4090	2.46
4091	2.458
4092	2.46
4093	2.438
4094	2.442
4095	2.446
4096	2.422
4097	2.426
4098	2.408
4099	2.46
4100	2.466
4101	2.418
4102	2.41
4103	2.366
4104	2.41
4105	2.364
4106	2.428
4107	2.38
4108	2.406
4109	2.398
4110	2.266
4111	2.332
4112	2.332
4113	2.284
4114	2.276
4115	2.21
4116	2.206
4117	2.226
4118	2.256
4119	2.124
4120	2.1
4121	2.192
4122	2.174
4123	2.274
4124	2.304
4125	2.32
4126	2.356
4127	2.282
4128	2.336
4129	2.248
4130	2.25
4131	2.338
4132	2.28
4133	2.198
4134	2.256
4135	2.244
4136	2.21
4137	2.244
4138	2.24
4139	2.158
4140	2.176
4141	2.21
4142	2.248
4143	2.262
4144	2.29
4145	2.254
4146	2.364
4147	2.388
4148	2.43
4149	2.406
4150	2.454
4151	2.478
4152	2.4
4153	2.406
4154	2.44
4155	2.356
4156	2.522
4157	2.554
4158	2.502
4159	2.488
4160	2.5
4161	2.446
4162	2.34
4163	2.446
4164	2.416
4165	2.498
4166	2.436
4167	2.48
4168	2.496
4169	2.496
4170	2.496
4171	2.496
4172	2.438
4173	2.422
4174	2.422
