1	30.3972
2	33.0485
3	34.5907
4	37.2346
5	34.8111
6	35.0314
7	34.6128
8	33.6874
9	31.2418
10	30.2063
11	30.4487
12	32.8282
13	34.1501
14	34.8111
15	34.6348
16	33.0485
17	32.9383
18	32.3875
19	33.7094
20	35.472
21	34.8111
22	33.7094
23	32.9163
24	31.2639
25	30.9774
26	30.6029
27	30.7571
28	29.303
29	29.7877
30	30.1622
31	30.2283
32	30.3605
33	29.9419
34	29.5453
35	29.3691
36	28.9725
37	29.2809
38	29.964
39	29.7216
40	28.8844
41	29.4572
42	29.8318
43	29.8538
44	29.986
45	30.691
46	32.5417
47	32.6299
48	32.057
49	32.057
50	36.3313
51	36.0669
52	36.133
53	37.6753
54	37.7854
55	37.8956
56	38.887
57	38.3803
58	37.6753
59	37.6753
60	37.5431
61	37.0143
62	36.816
63	38.1159
64	39.2175
65	39.3056
66	39.3056
67	39.3056
68	39.7463
69	38.8209
70	36.7719
71	36.8601
72	37.4549
73	36.8821
74	35.8466
75	35.0314
76	35.2517
77	35.6924
78	34.3704
79	34.6128
80	35.1415
81	34.8331
82	35.2297
83	35.9567
84	36.133
85	36.3754
86	37.3227
87	37.6753
88	38.3142
89	37.6753
90	38.1379
91	37.8295
92	38.0939
93	38.0718
94	38.2481
95	38.887
96	39.6141
97	38.7108
98	40.0988
99	40.8038
100	41.8834
101	41.8394
102	41.8394
103	40.5395
104	39.8785
105	38.7549
106	38.3803
107	38.7328
108	39.9226
109	40.0988
110	40.3852
111	40.253
112	40.5615
113	40.3191
114	40.4734
115	40.5835
116	41.3987
117	40.9801
118	40.9801
119	40.3632
120	40.3191
121	41.6411
122	38.7989
123	35.9347
124	37.4329
125	37.1245
126	36.3533
127	36.133
128	36.5296
129	37.6532
130	38.6447
131	36.794
132	36.9041
133	35.9788
134	35.9347
135	36.5296
136	36.6838
137	37.2787
138	36.7058
139	36.7058
140	37.7854
141	38.1159
142	38.1159
143	37.0804
144	36.5737
145	35.2517
146	35.0094
147	33.4891
148	34.8551
149	36.3092
150	38.1159
151	38.6888
152	38.887
153	38.3362
154	37.2346
155	37.4549
156	37.2346
157	38.9972
158	38.8209
159	39.4379
160	39.7243
161	41.6411
162	41.2004
163	40.1208
164	40.9801
165	41.2004
166	40.3191
167	40.8259
168	41.7292
169	43.0732
170	42.6325
171	42.0817
172	41.7733
173	40.8259
174	42.302
175	41.4208
176	42.8529
177	44.1748
178	44.1528
179	43.1393
180	42.941
181	43.1833
182	43.2054
183	42.8529
184	42.8529
185	43.5138
186	42.919
187	42.963
188	43.0511
189	42.8749
190	42.28
191	41.8834
192	42.1919
193	41.8394
194	41.7513
195	42.6325
196	42.6766
197	43.1172
198	43.7342
199	43.7562
200	43.0732
201	42.5003
202	43.4698
203	43.3816
204	42.919
205	43.8443
206	43.0071
207	43.0071
208	43.3816
209	44.0646
210	45.4527
211	46.0255
212	44.7256
213	45.1222
214	44.8358
215	44.0206
216	45.6069
217	45.6069
218	45.3866
219	44.6375
220	45.6069
221	46.0475
222	46.2679
223	47.3475
224	47.8542
225	48.9117
226	48.9117
227	48.9117
228	48.6914
229	47.3915
230	48.2508
231	46.4882
232	46.0475
233	45.1663
234	46.2899
235	47.0831
236	48.1406
237	47.7
238	47.1492
239	47.4796
240	47.9644
241	48.3609
242	48.9117
243	49.3524
244	51.3353
245	50.8947
246	50.7625
247	50.8947
248	50.0134
249	49.793
250	50.3659
251	48.9117
252	48.6914
253	48.4711
254	47.9644
255	48.6694
256	49.793
257	49.8151
258	50.1235
259	49.9252
260	50.8947
261	50.8947
262	49.1321
263	48.9117
264	48.4711
265	48.0305
266	48.0305
267	47.8101
268	48.0305
269	47.2593
270	46.4882
271	47.1492
272	46.6644
273	45.8272
274	45.6069
275	45.5188
276	43.7782
277	44.3951
278	43.2054
279	43.3155
280	43.624
281	45.2764
282	45.2984
283	45.651
284	46.334
285	45.0781
286	44.1968
287	43.9104
288	44.0646
289	42.963
290	43.3376
291	43.7121
292	42.963
293	42.8529
294	43.9104
295	45.0341
296	44.9459
297	44.7256
298	44.285
299	46.378
300	46.5763
301	44.968
302	45.3866
303	47.4356
304	47.2593
305	46.9288
306	46.0475
307	46.4221
308	46.2238
309	44.8798
310	43.2494
311	44.0646
312	42.8529
313	42.5224
314	42.4342
315	45.7391
316	45.5849
317	44.2409
318	43.9545
319	43.7342
320	43.4698
321	44.7697
322	44.2629
323	44.1968
324	43.9985
325	43.8443
326	45.9153
327	49.088
328	51.115
329	50.6082
330	49.9032
331	49.3965
332	50.1015
333	50.454
334	50.5642
335	50.6303
336	49.771
337	49.4405
338	48.4711
339	46.4882
340	48.2728
341	48.2728
342	48.2728
343	48.5372
344	50.4099
345	49.793
346	50.1896
347	50.1896
348	51.7099
349	51.6438
350	51.5336
351	51.5777
352	51.9081
353	51.8641
354	53.0538
355	55.3452
356	54.9927
357	55.213
358	55.6977
359	55.213
360	57.284
361	58.1653
362	58.2534
363	57.9891
364	55.9621
365	55.8299
366	52.6572
367	54.5079
368	54.8605
369	54.5079
370	55.213
371	56.4027
372	58.7822
373	59.0466
374	57.4603
375	55.5215
376	56.8874
377	56.8874
378	57.9891
379	58.2094
380	56.4027
381	55.9621
382	54.0232
383	54.2876
384	54.3758
385	53.8029
386	54.552
387	54.1995
388	53.9351
389	53.2301
390	54.4198
391	55.5215
392	56.3146
393	56.2265
394	57.945
395	56.3146
396	55.9621
397	55.5215
398	56.0943
399	54.6402
400	54.4639
401	54.4639
402	55.3892
403	55.4333
404	54.0232
405	54.1554
406	53.847
407	53.847
408	55.257
409	57.3281
410	58.1653
411	58.8703
412	59.0466
413	59.7516
414	61.6464
415	55.7418
416	55.8299
417	58.0772
418	57.5925
419	57.5043
420	57.0196
421	57.284
422	57.5925
423	57.6806
424	58.5178
425	58.4738
426	57.24
427	58.0772
428	58.7822
429	59.6194
430	58.3857
431	58.0331
432	58.4738
433	59.3991
434	59.8398
435	58.7822
436	60.8092
437	59.7516
438	60.0601
439	60.9854
440	61.6464
441	60.3685
442	61.6023
443	61.7345
444	60.5007
445	60.5888
446	61.6905
447	59.6194
448	58.5178
449	57.1959
450	55.5215
451	54.1995
452	54.8164
453	56.7112
454	55.1248
455	56.0061
456	55.8299
457	57.5043
458	56.4909
459	55.6977
460	55.1689
461	55.1689
462	53.5826
463	53.7148
464	49.5727
465	48.4711
466	49.088
467	50.8947
468	50.8947
469	50.9828
470	51.6878
471	51.9963
472	52.1725
473	54.3758
474	55.213
475	54.1114
476	54.9486
477	56.2265
478	58.9585
479	58.1653
480	58.1653
481	58.8263
482	58.1653
483	58.9585
484	58.1653
485	56.0061
486	55.7858
487	55.3452
488	57.7247
489	56.7993
490	58.6941
491	58.5619
492	56.1384
493	56.9315
494	53.186
495	54.0673
496	56.6671
497	56.579
498	55.3452
499	55.213
500	54.6402
501	55.4774
502	52.8776
503	54.8605
504	57.6365
505	57.3281
506	58.5178
507	60.6329
508	60.016
509	59.0466
510	56.2265
511	56.4027
512	57.5925
513	56.9756
514	55.4774
515	55.0808
516	56.0502
517	56.0502
518	56.0502
519	57.5043
520	57.3721
521	58.3416
522	58.3416
523	57.8569
524	57.284
525	61.6905
526	61.6905
527	63.2768
528	62.2633
529	61.6905
530	63.5412
531	64.7309
532	64.07
533	61.7786
534	64.7309
535	63.8055
536	61.8667
537	62.4396
538	60.1482
539	61.2939
540	61.1176
541	60.3685
542	60.5448
543	62.9684
544	63.7615
545	61.4261
546	60.8973
547	61.6023
548	60.8973
549	60.7211
550	60.8533
551	60.7211
552	59.9279
553	60.016
554	59.0466
555	59.7516
556	58.5178
557	59.1788
558	60.6329
559	59.9279
560	58.1653
561	56.9756
562	57.3281
563	57.945
564	58.5619
565	58.2534
566	57.6365
567	57.284
568	58.0772
569	58.7382
570	60.4566
571	59.8398
572	58.8703
573	59.311
574	56.2265
575	56.7552
576	55.4333
577	55.7858
578	56.7552
579	54.1114
580	50.8947
581	53.6267
582	55.5215
583	59.0466
584	57.6365
585	59.7516
586	61.6905
587	62.3955
588	58.7382
589	60.1041
590	60.9414
591	61.2498
592	61.6464
593	62.3955
594	62.3955
595	61.9549
596	61.9549
597	61.9549
598	61.6905
599	63.9378
600	63.9378
601	63.0124
602	63.1005
603	63.1887
604	63.5412
605	63.5412
606	65.7444
607	64.07
608	64.07
609	63.3209
610	61.7786
611	59.4872
612	60.5448
613	60.5007
614	59.7516
615	61.9108
616	60.8533
617	60.2804
618	61.6023
619	62.5718
620	61.6023
621	64.2462
622	64.5106
623	64.9072
624	64.6428
625	64.7309
626	64.3784
627	63.409
628	63.0565
629	62.5718
630	61.9108
631	61.8226
632	61.8226
633	63.0565
634	63.0565
635	63.1887
636	63.8937
637	63.6293
638	62.6158
639	62.6599
640	61.7345
641	62.1311
642	61.0736
643	61.382
644	60.8092
645	61.2498
646	62.1311
647	63.0124
648	61.5142
649	61.8226
650	61.8667
651	61.6464
652	62.8362
653	62.2192
654	62.043
655	61.3379
656	58.606
657	58.1653
658	57.1518
659	55.6977
660	54.4198
661	56.2265
662	56.8874
663	56.4909
664	54.552
665	56.2265
666	55.0367
667	55.3452
668	54.6842
669	53.6707
670	54.1995
671	55.0367
672	56.1384
673	56.0502
674	56.579
675	56.7993
676	56.8434
677	56.8434
678	56.8434
679	56.0502
680	55.1689
681	55.213
682	56.4909
683	56.4027
684	57.284
685	56.5349
686	55.3452
687	56.0943
688	57.945
689	57.4162
690	58.7822
691	59.5753
692	59.7516
693	58.6941
694	59.9279
695	57.3721
696	57.1078
697	57.1078
698	57.284
699	56.4468
700	56.0502
701	54.4198
702	54.1554
703	49.4405
704	49.6168
705	50.2777
706	48.1186
707	48.9117
708	47.2814
709	45.6069
710	42.117
711	40.4425
712	43.0952
713	46.2679
714	47.5898
715	47.5898
716	48.2948
717	47.1492
718	47.5898
719	47.4135
720	50.1015
721	49.793
722	50.2777
723	50.5862
724	51.776
725	51.9963
726	52.2607
727	49.8812
728	49.793
729	51.115
730	49.8812
731	48.6033
732	49.2643
733	50.1896
734	50.5421
735	50.0134
736	50.4981
737	49.4846
738	48.5152
739	48.9558
740	49.1321
741	49.4405
742	50.9828
743	51.3793
744	51.9081
745	53.3182
746	52.6132
747	51.115
748	52.9657
749	54.0232
750	56.4909
751	57.284
752	58.1653
753	56.8434
754	56.579
755	56.6231
756	56.1384
757	56.1384
758	55.1689
759	54.8605
760	54.5961
761	53.5826
762	53.8029
763	54.7283
764	55.874
765	57.0196
766	56.7552
767	54.8164
768	54.5961
769	53.5826
770	53.3182
771	52.4369
772	54.7723
773	54.4198
774	54.0232
775	53.0098
776	53.5385
777	53.8029
778	53.8029
779	53.8029
780	54.5961
781	55.3892
782	55.3892
783	55.3892
784	55.257
785	56.4027
786	58.2094
787	56.6231
788	57.1078
789	57.4162
790	57.0196
791	57.6365
792	56.7993
793	57.5484
794	56.7112
795	57.5484
796	57.8569
797	57.9009
798	58.4297
799	59.355
800	60.0601
801	60.677
802	61.4701
803	59.9279
804	58.2975
805	60.2804
806	60.5888
807	58.1653
808	56.0502
809	56.2265
810	56.7993
811	56.5349
812	56.7552
813	56.9756
814	56.7552
815	58.1213
816	57.284
817	56.8434
818	53.8911
819	54.6402
820	56.1384
821	57.1518
822	57.3721
823	58.3416
824	59.355
825	60.2804
826	60.5448
827	61.1617
828	61.4261
829	61.6023
830	61.6905
831	61.9989
832	61.2939
833	60.8092
834	60.5007
835	61.2498
836	61.0736
837	62.3514
838	62.0871
839	62.3514
840	62.2633
841	62.0871
842	62.4836
843	62.043
844	62.3514
845	63.8937
846	63.8937
847	63.8937
848	63.1005
849	64.6868
850	63.8055
851	63.0124
852	61.7786
853	62.3955
854	64.4225
855	62.8802
856	63.6293
857	64.2022
858	65.5681
859	65.1275
860	66.5376
861	69.3137
862	67.9036
863	67.9917
864	68.0799
865	65.0394
866	66.8019
867	66.0529
868	66.9783
869	66.9783
870	68.3002
871	68.6967
872	68.2561
873	67.7273
874	69.2696
875	69.1815
876	69.0493
877	70.1508
878	70.944
879	70.1508
880	67.4189
881	67.6832
882	67.2867
883	66.6257
884	66.5816
885	66.6257
886	66.6257
887	67.1544
888	66.4494
889	66.4054
890	66.0529
891	64.114
892	63.8937
893	61.6905
894	61.8226
895	62.2192
896	60.4126
897	60.8092
898	62.3074
899	60.8092
900	60.4566
901	58.5178
902	61.2058
903	61.1617
904	58.65
905	57.5925
906	57.284
907	55.7858
908	57.1959
909	54.5079
910	55.5215
911	58.7822
912	59.0466
913	55.4333
914	53.4504
915	53.6267
916	56.579
917	55.6536
918	55.1689
919	53.2301
920	50.9387
921	50.5862
922	47.1051
923	47.2373
924	49.6168
925	49.8371
926	44.9459
927	42.3814
928	39.949
929	39.7022
930	44.5934
931	45.2103
932	48.5152
933	48.5152
934	50.2337
935	46.0035
936	49.2643
937	47.2373
938	50.4099
939	51.115
940	53.1419
941	54.8605
942	54.1114
943	54.6402
944	51.2912
945	53.3182
946	52.481
947	54.8164
948	54.1114
949	55.4333
950	57.0196
951	55.9621
952	56.0502
953	57.3721
954	54.4639
955	52.7454
956	53.2741
957	52.1725
958	49.3524
959	48.1186
960	46.9729
961	48.8677
962	48.6474
963	51.2031
964	53.1419
965	49.6608
966	47.722
967	47.8983
968	48.427
969	45.1663
970	43.0335
971	42.3902
972	39.6229
973	36.7058
974	37.9837
975	42.2668
976	42.1963
977	37.5959
978	39.0236
979	40.6981
980	38.9179
981	36.3181
982	34.8992
983	34.5731
984	33.5772
985	36.6618
986	40.3368
987	40.2751
988	44.7697
989	44.6375
990	46.3119
991	46.9288
992	47.5017
993	46.7085
994	43.5271
995	44.9019
996	43.9765
997	44.9459
998	42.1082
999	43.7826
1000	45.0781
1001	43.6504
1002	46.3119
1003	48.0305
1004	47.4576
1005	45.9153
1006	44.2409
1007	43.5359
1008	43.2715
1009	42.6546
1010	45.4747
1011	45.8272
1012	46.6644
1013	45.5188
1014	45.2984
1015	47.722
1016	48.7795
1017	50.8065
1018	48.8677
1019	49.2643
1020	48.8236
1021	49.8812
1022	50.2337
1023	48.5592
1024	47.5898
1025	46.6644
1026	47.1492
1027	45.651
1028	46.8848
1029	47.061
1030	46.4882
1031	45.7391
1032	50.5421
1033	51.0709
1034	49.1761
1035	48.0305
1036	48.5592
1037	48.6914
1038	48.5592
1039	48.5592
1040	48.5592
1041	47.8101
1042	47.8983
1043	48.9117
1044	48.9117
1045	50.7184
1046	51.0268
1047	51.2912
1048	50.7184
1049	48.9999
1050	49.3524
1051	49.7049
1052	50.1896
1053	50.7625
1054	50.5421
1055	50.6303
1056	49.1321
1057	49.3524
1058	48.1186
1059	46.7966
1060	46.4882
1061	45.9594
1062	44.5493
1063	44.99
1064	43.9412
1065	46.1797
1066	47.9423
1067	49.088
1068	46.7966
1069	45.0781
1070	44.7256
1071	44.0646
1072	42.7427
1073	43.8002
1074	42.7339
1075	44.2409
1076	46.5763
1077	46.7085
1078	47.2373
1079	46.2679
1080	45.2103
1081	45.7391
1082	44.7256
1083	43.8884
1084	42.963
1085	43.3067
1086	43.8884
1087	44.5493
1088	43.2274
1089	42.6986
1090	42.0112
1091	41.2092
1092	40.231
1093	39.4907
1094	37.8074
1095	39.3585
1096	43.06
1097	44.7256
1098	45.2544
1099	46.7966
1100	45.4747
1101	48.0305
1102	45.3866
1103	45.3866
1104	45.3425
1105	43.7121
1106	44.0646
1107	41.7028
1108	42.161
1109	43.9324
1110	44.99
1111	45.9153
1112	47.5898
1113	47.5017
1114	47.4135
1115	46.6644
1116	46.9288
1117	47.8983
1118	48.9117
1119	48.2948
1120	48.5592
1121	48.5592
1122	48.5592
1123	48.4711
1124	49.749
1125	46.7085
1126	45.9594
1127	48.0745
1128	48.6474
1129	48.2948
1130	48.2948
1131	48.6914
1132	49.1761
1133	50.8065
1134	50.7184
1135	47.6339
1136	48.7795
1137	48.6914
1138	48.8677
1139	48.2948
1140	48.6033
1141	47.4135
1142	44.5053
1143	44.285
1144	44.2409
1145	43.6416
1146	44.7697
1147	44.9459
1148	44.0646
1149	45.1663
1150	45.3425
1151	46.0035
1152	46.4001
1153	47.1051
1154	47.5457
1155	47.4135
1156	48.6914
1157	48.2508
1158	48.9558
1159	49.8812
1160	50.8506
1161	50.1896
1162	51.3793
1163	51.8641
1164	52.3488
1165	50.9387
1166	51.776
1167	50.3659
1168	49.8371
1169	49.9252
1170	49.749
1171	49.088
1172	48.6474
1173	47.5017
1174	49.2202
1175	50.6743
1176	50.6743
1177	52.0844
1178	51.82
1179	50.6303
1180	49.6608
1181	50.9828
1182	52.2607
1183	52.3488
1184	52.2166
1185	51.4675
1186	51.2031
1187	50.2337
1188	50.6743
1189	50.8506
1190	53.1419
1191	52.2166
1192	53.9351
1193	53.9351
1194	54.4639
1195	54.9486
1196	54.9045
1197	54.6402
1198	55.1248
1199	53.5826
1200	53.7589
1201	53.9792
1202	54.5961
1203	55.3011
1204	55.1689
1205	56.1824
1206	56.1824
1207	56.0943
1208	55.918
1209	54.9045
1210	54.3317
1211	53.3182
1212	52.8335
1213	52.5691
1214	53.3182
1215	54.3758
1216	53.2301
1217	54.2436
1218	53.2741
1219	55.918
1220	55.1689
1221	54.6842
1222	55.6536
1223	54.8605
1224	54.4639
1225	54.2876
1226	53.5826
1227	53.7148
1228	54.552
1229	54.9045
1230	55.6096
1231	55.1248
1232	53.3182
1233	52.7894
1234	52.7454
1235	51.9522
1236	52.0403
1237	51.2031
1238	50.4099
1239	52.0844
1240	51.5556
1241	53.7148
1242	53.3182
1243	52.7013
1244	52.9216
1245	54.6842
1246	54.1995
1247	55.257
1248	55.1689
1249	55.918
1250	56.1384
1251	55.4774
1252	55.4333
1253	54.9927
1254	53.7148
1255	52.6132
1256	52.6132
1257	54.1114
1258	55.1248
1259	55.9621
1260	56.7993
1261	56.3146
1262	57.9009
1263	57.5925
1264	57.5925
1265	58.0772
1266	59.311
1267	58.3416
1268	57.9891
1269	58.1653
1270	58.0772
1271	58.2975
1272	56.7993
1273	56.8874
1274	56.7552
1275	57.0637
1276	57.24
1277	58.0772
1278	58.6941
1279	58.9585
1280	59.0907
1281	58.8703
1282	60.3245
1283	59.7516
1284	61.6905
1285	60.7211
1286	60.2363
1287	59.6635
1288	59.9279
1289	60.016
1290	60.5007
1291	60.4126
1292	61.0295
1293	61.1617
1294	60.5007
1295	61.0736
1296	61.5142
1297	61.1176
1298	60.8092
1299	60.8092
1300	60.8092
1301	60.8092
1302	61.2058
1303	61.5583
1304	61.6905
1305	61.6905
1306	62.5277
1307	62.8802
1308	63.4531
1309	62.8362
1310	63.5412
1311	64.1581
1312	62.5718
1313	63.409
1314	63.4531
1315	64.2903
1316	65.3919
1317	65.48
1318	64.7309
1319	65.2157
1320	65.7885
1321	65.7003
1322	65.436
1323	65.5241
1324	65.2597
1325	63.9818
1326	62.748
1327	64.8631
1328	64.2462
1329	63.8497
1330	63.8937
1331	64.2462
1332	65.3478
1333	65.5681
1334	66.0088
1335	64.0259
1336	63.9378
1337	64.3784
1338	64.6868
1339	64.3344
1340	65.2157
1341	63.8937
1342	63.5852
1343	63.1446
1344	62.9243
1345	62.748
1346	62.9684
1347	62.3514
1348	63.1446
1349	62.5277
1350	63.9378
1351	64.2022
1352	63.9818
1353	62.4396
1354	63.1446
1355	60.5448
1356	61.3379
1357	59.7957
1358	60.8092
1359	62.043
1360	60.8973
1361	61.0736
1362	59.7516
1363	59.2669
1364	58.9144
1365	60.016
1366	60.1041
1367	61.4261
1368	61.2939
1369	61.2498
1370	62.6158
1371	64.07
1372	64.7309
1373	64.2462
1374	63.5852
1375	64.775
1376	64.775
1377	64.775
1378	65.2157
1379	63.7615
1380	63.1005
1381	64.0259
1382	63.8497
1383	64.775
1384	64.3344
1385	64.5547
1386	64.819
1387	64.7309
1388	64.5987
1389	62.8362
1390	61.7345
1391	61.2498
1392	62.2192
1393	61.9549
1394	62.3074
1395	60.7211
1396	59.7957
1397	57.24
1398	59.311
1399	58.7382
1400	60.8533
1401	60.7211
1402	60.5888
1403	59.6635
1404	60.4566
1405	60.4126
1406	60.3685
1407	61.2058
1408	61.0295
1409	61.6905
1410	62.043
1411	61.1617
1412	61.3379
1413	61.1176
1414	61.1176
1415	61.9108
1416	62.9243
1417	63.1446
1418	63.1005
1419	62.5718
1420	62.7921
1421	62.8362
1422	61.6464
1423	62.5718
1424	62.8362
1425	63.1005
1426	63.6734
1427	63.409
1428	62.4396
1429	63.0124
1430	62.748
1431	62.3955
1432	62.9243
1433	62.4396
1434	61.5583
1435	60.8973
1436	60.7211
1437	60.9854
1438	60.2363
1439	60.1923
1440	60.1923
1441	60.9854
1442	60.4126
1443	60.5448
1444	60.1482
1445	58.606
1446	58.2534
1447	58.2534
1448	58.606
1449	59.0466
1450	57.6365
1451	57.8128
1452	57.4162
1453	58.6941
1454	58.7382
1455	59.8838
1456	60.1041
1457	59.9279
1458	59.7957
1459	59.1347
1460	59.8838
1461	57.9891
1462	57.8128
1463	58.9585
1464	58.7382
1465	59.0025
1466	58.9585
1467	59.6635
1468	59.9279
1469	60.3685
1470	60.5007
1471	60.3685
1472	61.6464
1473	61.6023
1474	61.5142
1475	62.1311
1476	62.3955
1477	62.2633
1478	61.8667
1479	61.6905
1480	62.043
1481	62.6599
1482	62.8802
1483	63.1005
1484	62.7039
1485	62.1311
1486	62.3955
1487	63.2768
1488	63.1446
1489	63.3649
1490	63.6293
1491	64.3784
1492	64.07
1493	64.775
1494	64.4225
1495	63.3209
1496	63.1446
1497	62.8362
1498	63.0565
1499	63.6293
1500	62.7921
1501	64.4225
1502	65.1716
1503	65.3038
1504	65.3038
1505	64.7309
1506	64.6868
1507	64.3784
1508	64.07
1509	63.9378
1510	63.6293
1511	63.4971
1512	63.2768
1513	63.9818
1514	63.4971
1515	64.1581
1516	64.5987
1517	62.748
1518	62.8362
1519	63.6734
1520	64.3344
1521	64.07
1522	64.5547
1523	64.775
1524	65.0394
1525	64.6428
1526	64.7309
1527	65.1275
1528	65.1716
1529	65.5681
1530	66.2291
1531	66.097
1532	66.1851
1533	65.7885
1534	66.4935
1535	66.141
1536	64.3344
1537	64.3344
1538	64.2022
1539	64.3344
1540	65.0394
1541	64.9072
1542	64.5106
1543	64.0259
1544	64.9953
1545	65.6563
1546	65.2597
1547	64.819
1548	65.1716
1549	65.1275
1550	64.6428
1551	65.1716
1552	65.8766
1553	66.2732
1554	65.436
1555	65.7885
1556	64.5106
1557	65.2157
1558	64.9072
1559	65.3478
1560	65.8326
1561	65.8326
1562	65.6563
1563	65.7444
1564	65.8326
1565	65.6122
1566	65.6122
1567	65.8326
1568	66.5816
1569	65.9207
1570	67.1544
1571	68.6967
1572	68.4324
1573	67.7273
1574	67.1986
1575	67.1544
1576	67.9476
1577	68.6086
1578	68.2561
1579	68.168
1580	67.4189
1581	67.507
1582	67.3307
1583	67.8595
1584	67.1986
1585	67.4189
1586	66.5816
1587	67.3307
1588	67.5511
1589	68.212
1590	67.4189
1591	68.1239
1592	68.3442
1593	68.168
1594	67.7714
1595	70.239
1596	71.9134
1597	71.1203
1598	71.5609
1599	70.944
1600	70.6356
1601	71.0762
1602	70.0628
1603	70.239
1604	69.7983
1605	69.578
1606	70.4153
1607	70.3271
1608	70.6796
1609	70.0628
1610	69.7983
1611	70.1068
1612	70.239
1613	70.0187
1614	69.4018
1615	69.7543
1616	70.5034
1617	70.5034
1618	71.1203
1619	69.7983
1620	70.195
1621	70.4593
1622	70.1068
1623	70.1068
1624	70.239
1625	70.7678
1626	70.7678
1627	70.7678
1628	70.7237
1629	70.5034
1630	70.6356
1631	70.4593
1632	69.9305
1633	70.3271
1634	70.6796
1635	71.0322
1636	71.0762
1637	71.6491
1638	71.5609
1639	72.2219
1640	71.7372
1641	70.195
1642	68.9612
1643	69.534
1644	68.8289
1645	68.3883
1646	69.2696
1647	69.1815
1648	69.0933
1649	68.0358
1650	68.1239
1651	67.7714
1652	68.873
1653	69.2255
1654	69.4899
1655	69.9746
1656	69.9746
1657	69.7102
1658	68.7849
1659	67.4629
1660	68.6527
1661	68.8289
1662	68.4324
1663	68.3883
1664	69.4899
1665	70.1068
1666	69.9746
1667	71.2084
1668	71.2966
1669	71.6491
1670	73.1914
1671	73.4998
1672	70.8559
1673	70.3712
1674	71.605
1675	71.9134
1676	71.5609
1677	71.3847
1678	72.971
1679	72.3982
1680	72.4863
1681	72.9269
1682	73.2354
1683	73.1473
1684	73.4998
1685	73.7201
1686	74.3811
1687	73.3676
1688	73.8964
1689	74.293
1690	74.4692
1691	73.5439
1692	72.3101
1693	73.1914
1694	73.8964
1695	74.1608
1696	74.9099
1697	74.5573
1698	74.7336
1699	74.3811
1700	73.2354
1701	74.337
1702	75.703
1703	75.659
1704	76.2318
1705	76.8487
1706	76.9809
1707	77.0249
1708	78.5672
1709	78.5672
1710	80.418
1711	79.6248
1712	79.5807
1713	79.6248
1714	79.6688
1715	79.9773
1716	79.5367
1717	80.2417
1718	81.0789
1719	80.3739
1720	78.4351
1721	77.73
1722	77.9944
1723	78.8757
1724	79.6248
1725	79.4044
1726	78.4351
1727	78.3469
1728	78.3469
1729	77.9503
1730	77.3775
1731	78.3469
1732	78.4351
1733	77.4216
1734	77.1131
1735	75.8793
1736	74.998
1737	76.1436
1738	76.2318
1739	77.1572
1740	76.8928
1741	77.1572
1742	78.2587
1743	79.9773
1744	79.9332
1745	80.2858
1746	80.3298
1747	80.462
1748	79.757
1749	80.1976
1750	79.757
1751	80.3298
1752	80.1095
1753	80.9908
1754	79.7129
1755	79.3164
1756	79.9332
1757	82.5331
1758	82.1364
1759	83.5465
1760	82.8856
1761	83.6787
1762	84.6041
1763	85.221
1764	84.3837
1765	83.0618
1766	83.3262
1767	83.5906
1768	83.855
1769	83.2381
1770	82.2246
1771	83.2822
1772	83.3702
1773	82.5331
1774	80.2417
1775	81.2551
1776	80.3298
1777	81.5196
1778	81.0789
1779	82.3127
1780	81.6958
1781	81.5196
1782	83.9431
1783	84.6041
1784	84.7803
1785	86.3667
1786	86.1023
1787	86.0582
1788	85.8379
1789	85.7498
1790	87.0717
1791	88.1293
1792	88.3055
1793	87.9089
1794	88.1293
1795	87.5564
1796	88.3055
1797	88.8343
1798	88.7462
1799	89.7156
1800	90.0681
1801	89.8037
1802	89.7156
1803	89.8919
1804	89.0987
1805	90.5968
1806	90.5968
1807	89.98
1808	90.9494
1809	90.685
1810	90.3325
1811	89.98
1812	90.9494
1813	91.2138
1814	91.1256
1815	91.1256
1816	92.0951
1817	91.7426
1818	91.4781
1819	92.7119
1820	92.8882
1821	93.3289
1822	93.3289
1823	93.1526
1824	92.5358
1825	92.4476
1826	91.5663
1827	91.2138
1828	91.4781
1829	93.417
1830	93.3289
1831	94.2102
1832	93.8577
1833	93.417
1834	95.0915
1835	95.3558
1836	94.3864
1837	93.9458
1838	92.7119
1839	91.39
1840	92.1832
1841	91.0375
1842	90.1562
1843	89.4512
1844	91.4781
1845	95.0915
1846	96.149
1847	95.1796
1848	95.7965
1849	97.7354
1850	96.4134
1851	96.2371
1852	96.6778
1853	97.2066
1854	96.9422
1855	98.881
1856	97.9116
1857	100.0267
1858	101.2605
1859	100.0267
1860	103.9926
1861	104.5213
1862	104.1688
1863	104.6975
1864	105.667
1865	106.1958
1866	106.2839
1867	106.9008
1868	104.7857
1869	105.667
1870	103.9926
1871	103.1113
1872	103.0231
1873	101.7893
1874	99.6742
1875	100.908
1876	105.7551
1877	107.8702
1878	107.7821
1879	110.1616
1880	110.5141
1881	110.1616
1882	109.6328
1883	109.9853
1884	109.6328
1885	110.426
1886	110.6022
1887	109.1922
1888	108.6634
1889	108.8396
1890	109.6328
1891	109.3684
1892	109.2803
1893	108.0464
1894	108.1346
1895	108.1346
1896	105.9314
1897	105.9314
1898	104.345
1899	104.6094
1900	105.2263
1901	105.2263
1902	105.2263
1903	104.9619
1904	106.7245
1905	108.7515
1906	109.3684
1907	107.1652
1908	106.8126
1909	108.2227
1910	107.6058
1911	106.7245
1912	106.7245
1913	107.9583
1914	106.6364
1915	106.6364
1916	108.6634
1917	108.8396
1918	108.4871
1919	108.8396
1920	109.9853
1921	107.9583
1922	105.5788
1923	104.8739
1924	100.908
1925	102.23
1926	105.9314
1927	104.2569
1928	106.7245
1929	104.9619
1930	106.9008
1931	109.3684
1932	108.2227
1933	104.345
1934	105.9314
1935	105.9314
1936	106.4601
1937	105.7551
1938	99.9386
1939	100.5555
1940	95.6202
1941	97.2066
1942	95.444
1943	92.2713
1944	93.0645
1945	95.7965
1946	95.0915
1947	95.5321
1948	96.4134
1949	96.9422
1950	97.7354
1951	97.3828
1952	97.8235
1953	97.4709
1954	96.9422
1955	99.3217
1956	101.3487
1957	102.23
1958	102.5824
1959	101.4368
1960	102.1418
1961	102.1418
1962	103.3756
1963	102.4062
1964	102.4062
1965	99.5861
1966	97.4709
1967	96.854
1968	96.5015
1969	99.1454
1970	99.4098
1971	97.9997
1972	99.7623
1973	99.3217
1974	99.9386
1975	101.613
1976	103.1113
1977	102.935
1978	102.1418
1979	105.1382
1980	104.7857
1981	106.7245
1982	104.7857
1983	105.4907
1984	107.7821
1985	107.6939
1986	107.5177
1987	109.3684
1988	110.6903
1989	112.1886
1990	111.836
1991	111.9242
1992	111.2191
1993	110.6022
1994	109.1922
1995	110.0735
1996	110.426
1997	111.7479
1998	112.4529
1999	111.7479
2000	111.0429
2001	110.7785
2002	112.6292
2003	111.4835
2004	109.104
2005	107.9583
2006	107.4296
2007	107.1652
2008	108.7515
2009	109.2803
2010	109.7209
2011	111.836
2012	111.4835
2013	109.809
2014	112.4529
2015	113.6868
2016	112.0123
2017	112.0123
2018	112.5411
2019	112.8055
2020	111.3073
2021	110.6022
2022	110.0107
2023	109.1236
2024	111.6964
2025	112.4948
2026	112.3174
2027	111.5189
2028	112.2287
2029	114.979
2030	119.8585
2031	117.7292
2032	117.5518
2033	115.0677
2034	116.6646
2035	116.1323
2036	115.8661
2037	116.6646
2038	115.9548
2039	115.7775
2040	117.1969
2041	116.5759
2042	115.9548
2043	115.5113
2044	115.4226
2045	113.8256
2046	113.5595
2047	115.1564
2048	117.0195
2049	117.0195
2050	116.221
2051	116.4872
2052	117.0195
2053	116.3985
2054	116.3985
2055	115.6
2056	114.8902
2057	114.979
2058	115.6
2059	115.3338
2060	114.7128
2061	113.9144
2062	111.7851
2063	111.7851
2064	112.761
2065	112.2287
2066	111.2528
2067	111.6964
2068	111.8738
2069	111.4302
2070	110.1882
2071	110.0107
2072	111.0754
2073	111.2528
2074	112.14
2075	113.1159
2076	113.5595
2077	114.0918
2078	113.4708
2079	114.4466
2080	115.0677
2081	113.5595
2082	113.5595
2083	113.5595
2084	114.4466
2085	114.7128
2086	114.0918
2087	114.0918
2088	116.5759
2089	116.6646
2090	116.6646
2091	115.8661
2092	115.3338
2093	115.0677
2094	114.2692
2095	116.6646
2096	117.1082
2097	117.8179
2098	117.0195
2099	116.221
2100	116.5759
2101	117.5518
2102	116.9308
2103	117.1969
2104	119.06
2105	119.2374
2106	117.9067
2107	119.3262
2108	120.2134
2109	120.2134
2110	121.899
2111	122.6975
2112	123.1411
2113	123.4072
2114	123.6734
2115	122.9636
2116	124.738
2117	123.3185
2118	123.8508
2119	121.8103
2120	119.7698
2121	119.7698
2122	119.9472
2123	118.439
2124	119.3262
2125	118.2349
2126	117.1082
2127	116.9751
2128	114.3579
2129	112.974
2130	111.2705
2131	110.197
2132	110.6495
2133	111.8472
2134	111.9892
2135	113.8256
2136	114.1894
2137	112.6723
2138	110.8181
2139	106.4798
2140	108.5912
2141	107.4734
2142	110.5785
2143	111.9892
2144	111.9537
2145	114.8636
2146	115.6266
2147	113.9765
2148	114.1361
2149	112.7699
2150	114.5709
2151	114.7749
2152	113.7813
2153	115.3161
2154	115.5822
2155	116.6291
2156	116.6291
2157	116.6291
2158	118.4212
2159	118.6253
2160	119.3351
2161	119.7165
2162	123.1233
2163	123.558
2164	127.3108
2165	128.5263
2166	138.4805
2167	134.2752
2168	132.1726
2169	134.4793
2170	134.8785
2171	137.8683
2172	138.8442
2173	138.8442
2174	137.682
2175	138.4006
2176	140.5476
2177	139.8379
2178	139.2967
2179	135.677
2180	132.8823
2181	138.1344
2182	135.2955
2183	137.1319
2184	134.7277
2185	133.2106
2186	133.5832
2187	131.0281
2188	130.5934
2189	131.0281
2190	128.473
2191	128.8013
2192	129.1473
2193	128.819
2194	127.7721
2195	128.4553
2196	129.6441
2197	127.9229
2198	125.9623
2199	123.8597
2200	123.7621
2201	124.4275
2202	126.5656
2203	123.8242
2204	125.2082
2205	127.7899
2206	128.6505
2207	128.0117
2208	127.4883
2209	127.1334
2210	125.2526
2211	125.6695
2212	124.8178
2213	122.9902
2214	121.828
2215	121.3224
2216	122.0144
2217	121.1005
2218	121.2691
2219	122.0853
2220	121.2159
2221	123.1322
2222	122.3603
2223	119.7786
2224	118.6431
2225	120.0182
2226	120.5682
2227	123.0967
2228	124.0194
2229	122.2538
2230	123.0701
2231	120.2488
2232	120.3908
2233	117.9155
2234	116.4695
2235	112.4948
2236	111.5544
2237	109.5849
2238	113.0626
2239	110.481
2240	115.2363
2241	113.4974
2242	113.7813
2243	117.3921
2244	119.1487
2245	114.1184
2246	108.4138
2247	110.6584
2248	105.5748
2249	103.1528
2250	101.0324
2251	104.8296
2252	104.6433
2253	104.5989
2254	105.8321
2255	106.1337
2256	105.7878
2257	106.4531
2258	103.3923
2259	103.2859
2260	103.4012
2261	105.0159
2262	105.9652
2263	108.2097
2264	105.0425
2265	105.1578
2266	101.0502
2267	100.1453
2268	101.8132
2269	102.3011
2270	102.9843
2271	100.6953
2272	98.3709
2273	100.6953
2274	107.6242
2275	107.1895
2276	106.9855
2277	105.5394
2278	103.7561
2279	104.6788
2280	106.6039
2281	104.4037
2282	105.7523
2283	110.0817
2284	110.3212
2285	112.5481
2286	113.3732
2287	113.0271
2288	112.2287
2289	110.8003
2290	109.7446
2291	108.9373
2292	106.462
2293	105.6902
2294	105.9297
2295	104.5546
2296	103.5166
2297	101.0058
2298	101.0058
2299	99.2049
2300	99.7194
2301	99.0097
2302	100.2074
2303	100.4469
2304	102.789
2305	99.9944
2306	96.3925
2307	94.3431
2308	94.3963
2309	93.2785
2310	92.1961
2311	88.7184
2312	90.75
2313	91.4952
2314	93.243
2315	93.1543
2316	90.7322
2317	88.1239
2318	89.2329
2319	83.9541
2320	83.3065
2321	86.7222
2322	85.1607
2323	86.8286
2324	89.6232
2325	91.1049
2326	93.6688
2327	92.7373
2328	89.6498
2329	90.892
2330	93.2518
2331	94.5205
2332	95.6029
2333	94.831
2334	93.793
2335	90.4039
2336	89.3127
2337	87.3521
2338	87.9287
2339	86.9972
2340	87.1125
2341	87.3344
2342	87.4674
2343	87.4674
2344	87.4674
2345	87.7247
2346	87.8223
2347	87.769
2348	87.769
2349	86.7311
2350	86.7133
2351	85.7906
2352	85.9414
2353	84.4953
2354	84.2735
2355	84.5042
2356	86.1543
2357	87.0327
2358	84.4953
2359	84.2203
2360	82.5081
2361	75.7122
2362	69.6616
2363	73.1926
2364	70.1585
2365	67.2573
2366	65.5362
2367	63.0343
2368	69.5995
2369	72.5716
2370	73.8136
2371	77.8947
2372	74.1774
2373	70.2649
2374	72.5272
2375	71.4271
2376	68.9518
2377	66.175
2378	68.455
2379	70.4335
2380	69.2003
2381	67.6211
2382	68.0204
2383	67.1598
2384	63.1231
2385	61.6824
2386	61.2085
2387	61.4644
2388	64.3078
2389	65.3978
2390	66.6299
2391	67.3881
2392	65.957
2393	63.9003
2394	65.9854
2395	62.8577
2396	61.6066
2397	60.7346
2398	63.4453
2399	67.3976
2400	66.3456
2401	65.1608
2402	59.6921
2403	63.6823
2404	59.1802
2405	58.1282
2406	58.1282
2407	58.1282
2408	60.9526
2409	60.2702
2410	61.3981
2411	60.7725
2412	58.7822
2413	64.3552
2414	65.7579
2415	64.1088
2416	63.7865
2417	65.3978
2418	65.066
2419	64.2983
2420	63.7771
2421	63.7865
2422	62.9904
2423	62.507
2424	64.5069
2425	67.2839
2426	71.2267
2427	69.9946
2428	69.7766
2429	69.3785
2430	69.8524
2431	71.6154
2432	72.4873
2433	71.5111
2434	71.2362
2435	71.2362
2436	74.1175
2437	74.3544
2438	72.4115
2439	72.0702
2440	70.241
2441	68.8098
2442	67.7673
2443	67.1986
2444	67.5966
2445	67.3123
2446	68.099
2447	66.8195
2448	64.5353
2449	62.8008
2450	64.232
2451	63.2653
2452	63.2179
2453	62.9809
2454	63.0283
2455	62.2416
2456	63.3126
2457	62.4501
2458	61.3507
2459	60.3176
2460	59.4456
2461	57.3416
2462	56.1947
2463	56.2895
2464	54.4603
2465	55.2564
2466	54.8773
2467	55.1048
2468	56.8677
2469	55.0953
2470	53.6262
2471	53.503
2472	52.6026
2473	52.6974
2474	55.0668
2475	52.4035
2476	52.2235
2477	52.4035
2478	50.8397
2479	50.8018
2480	53.285
2481	51.9486
2482	50.925
2483	49.9014
2484	52.1382
2485	51.6643
2486	48.0247
2487	48.7924
2488	48.1859
2489	48.3375
2490	50.707
2491	53.7873
2492	55.1901
2493	54.6783
2494	58.7633
2495	58.8012
2496	58.005
2497	56.2137
2498	54.3086
2499	55.9294
2500	56.716
2501	56.9056
2502	56.3938
2503	61.7014
2504	63.5212
2505	65.5779
2506	65.303
2507	66.2793
2508	64.4784
2509	60.6304
2510	61.2559
2511	61.673
2512	61.0474
2513	58.4884
2514	58.4126
2515	57.5596
2516	59.6636
2517	59.3982
2518	59.1139
2519	59.7205
2520	62.1753
2521	62.6492
2522	62.5355
2523	64.3078
2524	63.5354
2525	60.7536
2526	59.2703
2527	63.3174
2528	64.9239
2529	62.2559
2530	60.5546
2531	61.6161
2532	55.6734
2533	53.048
2534	51.5316
2535	52.9438
2536	63.5022
2537	61.2275
2538	59.1565
2539	60.6114
2540	62.4122
2541	61.6445
2542	57.697
2543	58.7633
2544	59.929
2545	60.6209
2546	65.0566
2547	57.3605
2548	57.3795
2549	54.3134
2550	54.4982
2551	47.3897
2552	46.4419
2553	50.2331
2554	46.186
2555	42.2195
2556	42.9351
2557	41.6366
2558	45.8969
2559	45.7785
2560	46.1623
2561	42.6507
2562	36.0162
2563	31.5947
2564	34.2059
2565	37.5421
2566	39.9732
2567	40.1201
2568	44.5937
2569	45.6837
2570	43.9113
2571	44.5463
2572	44.3568
2573	40.6698
2574	38.5563
2575	36.2057
2576	35.8693
2577	35.5423
2578	33.5187
2579	30.8981
2580	30.2725
2581	26.0833
2582	26.9079
2583	29.32
2584	29.5001
2585	32.0165
2586	31.6374
2587	29.8555
2588	28.9978
2589	29.4764
2590	30.6706
2591	30.3199
2592	34.6514
2593	36.0162
2594	37.4521
2595	36.8408
2596	34.3575
2597	33.533
2598	35.0115
2599	32.9927
2600	32.3198
2601	34.1395
2602	32.7937
2603	31.6089
2604	31.7985
2605	31.7985
2606	31.7985
2607	32.5093
2608	34.1206
2609	34.1206
2610	34.1206
2611	35.1537
2612	34.6514
2613	35.3717
2614	35.0589
2615	34.8788
2616	34.1206
2617	34.3907
2618	33.7367
2619	30.0451
2620	29.2442
2621	30.1398
2622	27.05
2623	23.3537
2624	25.7563
2625	27.486
2626	25.8274
2627	28.6755
2628	28.8603
2629	32.5899
2630	31.5047
2631	31.2298
2632	29.3816
2633	29.6233
2634	30.5142
2635	28.7845
2636	28.8082
2637	28.3343
2638	26.4435
2639	26.7231
2640	26.2065
2641	25.1639
2642	23.837
2643	21.5576
2644	22.131
2645	22.894
2646	21.3159
2647	21.7803
2648	22.5196
2649	22.8418
2650	24.8654
2651	23.6522
2652	21.8087
2653	21.0079
2654	21.4438
2655	20.1359
2656	18.809
2657	18.0081
2658	19.9037
2659	20.4392
2660	21.7756
2661	22.1499
2662	24.4957
2663	25.453
2664	26.4529
2665	27.1069
2666	27.7182
2667	30.1398
2668	29.1304
2669	29.8555
2670	30.3294
2671	28.576
2672	27.3913
2673	27.9599
2674	28.2443
2675	30.0498
2676	31.7464
2677	32.3861
2678	31.7511
2679	32.4335
2680	33.3671
2681	33.3671
2682	33.3671
2683	34.9689
2684	34.8314
2685	35.8693
2686	37.4379
2687	35.9877
2688	34.3623
2689	35.0684
2690	35.1442
2691	36.3669
2692	35.0257
2693	34.2248
2694	34.4049
2695	37.1204
2696	37.1204
2697	37.1251
2698	40.1675
2699	41.4755
2700	37.4142
2701	37.4189
2702	36.3005
2703	34.8883
2704	33.1728
2705	33.0401
2706	33.8884
2707	35.3243
2708	36.3479
2709	36.9024
2710	36.5754
2711	36.8834
2712	37.3147
2713	38.8359
2714	38.3904
2715	37.7222
2716	38.8596
2717	41.5323
2718	41.703
2719	41.0205
2720	41.1437
2721	42.1768
2722	40.4993
2723	39.6747
2724	40.4708
2725	40.7836
2726	41.2148
2727	39.4756
2728	38.1582
2729	37.0114
2730	37.8312
2731	38.2909
2732	36.8692
2733	36.2531
2734	37.4
2735	37.0872
2736	36.7365
2737	37.7317
2738	36.855
2739	37.2246
2740	35.9167
2741	35.9261
2742	35.3006
2743	35.1821
2744	35.8219
2745	35.9688
2746	35.7461
2747	36.1915
2748	37.0777
2749	38.6321
2750	39.8548
2751	40.3286
2752	40.9921
2753	40.831
2754	40.4661
2755	41.3902
2756	42.1105
2757	42.4043
2758	41.3712
2759	42.0062
2760	42.5465
2761	42.6981
2762	43.6933
2763	43.8923
2764	46.5367
2765	48.0532
2766	50.4416
2767	49.7592
2768	49.181
2769	48.8967
2770	50.3184
2771	50.3374
2772	49.2853
2773	49.5507
2774	49.0389
2775	49.5223
2776	50.6122
2777	51.6264
2778	51.6643
2779	52.2235
2780	52.6595
2781	53.7873
2782	53.2755
2783	51.3705
2784	50.4511
2785	49.418
2786	49.4749
2787	49.7876
2788	47.9489
2789	48.6503
2790	48.1479
2791	48.1479
2792	47.0106
2793	47.5224
2794	50.2331
2795	52.1287
2796	51.2757
2797	50.0625
2798	49.9867
2799	50.6596
2800	50.5648
2801	50.2141
2802	52.5552
2803	53.4461
2804	52.1287
2805	50.8302
2806	49.7308
2807	49.4749
2808	50.8871
2809	47.8636
2810	47.84
2811	47.49
2812	47.5
2813	45.94
2814	48.08
2815	48.11
2816	47.11
2817	48.76
2818	49
2819	48.59
2820	47.485
2821	48.245
2822	46.865
2823	45.325
2824	43.56
2825	46.135
2826	45.38
2827	45.59
2828	43.65
2829	45.64
2830	45.95
2831	46.915
2832	48.845
2833	48.995
2834	50.4
2835	49.6
2836	49.94
2837	50.74
2838	49.16
2839	49.275
2840	48.755
2841	47.425
2842	49.09
2843	47.505
2844	48.265
2845	45.62
2846	46.5
2847	46.89
2848	47.8
2849	47.69
2850	48.395
2851	48.935
2852	48.835
2853	48.255
2854	47.92
2855	48.9
2856	48.38
2857	48.9
2858	47.9
2859	49.15
2860	47.5
2861	46.3
2862	47.6
2863	47.79
2864	48.36
2865	48.51
2866	48.51
2867	49.09
2868	49.345
2869	49.1
2870	48.95
2871	48.95
2872	50.24
2873	49.915
2874	49.92
2875	51.31
2876	52.08
2877	52.2
2878	51.67
2879	50.19
2880	50.4
2881	49.025
2882	48.505
2883	48.12
2884	47
2885	44.77
2886	42.44
2887	43.03
2888	43.515
2889	42.845
2890	41.81
2891	42.205
2892	42.52
2893	43.55
2894	42.52
2895	40.06
2896	38.38
2897	38.8
2898	39.56
2899	41.245
2900	40.26
2901	39
2902	39.22
2903	41
2904	42
2905	38.975
2906	39.7
2907	40.52
2908	39.555
2909	40.24
2910	39.79
2911	40.4
2912	41.275
2913	42.02
2914	42.86
2915	42.88
2916	44.95
2917	44.305
2918	43.645
2919	44.8
2920	44
2921	44.28
2922	43.155
2923	44.05
2924	45
2925	44.655
2926	45
2927	45.665
2928	46.16
2929	46.5
2930	47.07
2931	47.145
2932	47.255
2933	46.71
2934	46.565
2935	47.345
2936	47.345
2937	47.345
2938	46.93
2939	46.305
2940	44.85
2941	45.89
2942	46.5
2943	46.145
2944	45.965
2945	46.5
2946	45.205
2947	44.7
2948	45.41
2949	44.285
2950	43.375
2951	43.1
2952	43.675
2953	41.045
2954	40.91
2955	41.055
2956	40.4
2957	40.975
2958	38.62
2959	38.295
2960	35.62
2961	32.77
2962	40.6
2963	39.795
2964	39.19
2965	38.58
2966	35.25
2967	35.45
2968	37.13
2969	35.565
2970	34.63
2971	35.235
2972	35.225
2973	33.01
2974	33.45
2975	35.93
2976	35.55
2977	35.05
2978	34.185
2979	33.85
2980	34.175
2981	31.585
2982	31
2983	30.33
2984	31.745
2985	32.66
2986	33.725
2987	35.045
2988	36.4
2989	36.16
2990	37.135
2991	38.23
2992	38.89
2993	37.35
2994	36.82
2995	35.155
2996	35.78
2997	36.13
2998	33.8
2999	34.3
3000	32.86
3001	32.9
3002	33.03
3003	35.1
3004	37.575
3005	38.775
3006	38.395
3007	38.26
3008	39.5
3009	38.64
3010	37.84
3011	36.3
3012	36.05
3013	35.795
3014	36.135
3015	37.97
3016	38
3017	39.99
3018	44.225
3019	45.03
3020	44.71
3021	44.235
3022	46.3
3023	45.395
3024	45.705
3025	45.225
3026	45.52
3027	46.36
3028	45.07
3029	43.18
3030	42.65
3031	43.37
3032	42.9
3033	43.925
3034	43.175
3035	41.685
3036	41.095
3037	41.285
3038	40.7
3039	39.93
3040	40.12
3041	40.45
3042	40.185
3043	40.18
3044	42.465
3045	42.785
3046	44.375
3047	44.315
3048	42.61
3049	42.145
3050	43.585
3051	43.91
3052	45.8
3053	46.11
3054	45.925
3055	45.33
3056	44
3057	44.425
3058	45.02
3059	44.265
3060	43.51
3061	45.21
3062	45.045
3063	44.75
3064	43.23
3065	42.25
3066	41.4
3067	40.85
3068	42.325
3069	43.165
3070	43.775
3071	43.375
3072	42.67
3073	42.59
3074	43.03
3075	41.695
3076	41.52
3077	42.355
3078	43.055
3079	43.835
3080	43.635
3081	43.5
3082	43.475
3083	43.9
3084	43.27
3085	43.365
3086	43.025
3087	42.595
3088	42.1
3089	42.91
3090	44.845
3091	44.015
3092	44.09
3093	44.19
3094	42.825
3095	41.92
3096	42.41
3097	42.595
3098	40.68
3099	41.5
3100	42.82
3101	41.84
3102	40.66
3103	38.755
3104	38.8
3105	38.775
3106	38.41
3107	37.05
3108	35.705
3109	37.315
3110	39.01
3111	39.305
3112	38.58
3113	38.9
3114	40.065
3115	41.595
3116	41.315
3117	42.08
3118	42.095
3119	41.36
3120	41.68
3121	41.29
3122	41.4
3123	43.005
3124	42.4
3125	42.21
3126	42.135
3127	41.34
3128	41.51
3129	41.485
3130	40.865
3131	40.22
3132	41.84
3133	43.1
3134	42.735
3135	42.14
3136	40.88
3137	39.33
3138	40.41
3139	43.27
3140	45.21
3141	45.19
3142	44.96
3143	45.945
3144	46.32
3145	46.875
3146	48.08
3147	48.25
3148	46.93
3149	46.065
3150	47.505
3151	48.32
3152	47.23
3153	47.875
3154	47.955
3155	46.52
3156	46.805
3157	47.59
3158	48.155
3159	48.405
3160	47.575
3161	48.4
3162	47.8
3163	48.865
3164	51.24
3165	52.04
3166	51.93
3167	50.34
3168	49.26
3169	49.13
3170	48.57
3171	49.54
3172	50.95
3173	49.185
3174	48.53
3175	48.795
3176	47.515
3177	46.55
3178	47.25
3179	46.38
3180	45.975
3181	46.75
3182	47.455
3183	45.8
3184	44.6
3185	45.445
3186	46.435
3187	48.125
3188	48.355
3189	47.985
3190	48.38
3191	48.35
3192	48.35
3193	48.325
3194	47.48
3195	45.85
3196	47.11
3197	45.805
3198	45.32
3199	46.57
3200	47.005
3201	47.85
3202	47.22
3203	46.455
3204	46.64
3205	45.635
3206	45.225
3207	43.47
3208	43.71
3209	43.695
3210	43.49
3211	43.49
3212	43.49
3213	43.5
3214	43.79
3215	44.98
3216	45.16
3217	45.395
3218	45.57
3219	45.52
3220	43.255
3221	43.32
3222	42.185
3223	43.08
3224	42.98
3225	42.15
3226	42.2
3227	41.93
3228	41.755
3229	41.925
3230	42.185
3231	41.99
3232	41.31
3233	41.225
3234	42.105
3235	41.74
3236	42.31
3237	41.995
3238	41.24
3239	40.525
3240	40.2
3241	40.985
3242	40.09
3243	40.35
3244	39.79
3245	39.84
3246	39.05
3247	39.01
3248	39.79
3249	38.775
3250	38.135
3251	39.09
3252	38.765
3253	40.175
3254	39.875
3255	38.46
3256	37.775
3257	37.67
3258	38.81
3259	39.82
3260	40.92
3261	42.44
3262	41.87
3263	41.15
3264	40.265
3265	40.09
3266	38.525
3267	36.33
3268	36.135
3269	35.985
3270	35.515
3271	34.7
3272	32.8
3273	34.24
3274	36
3275	38.23
3276	38.075
3277	36.27
3278	36.03
3279	35.085
3280	35.605
3281	34.735
3282	33.305
3283	32.505
3284	29.59
3285	27.7
3286	27.435
3287	25.125
3288	26.015
3289	22.18
3290	23
3291	24.3
3292	24.8
3293	25.275
3294	24.64
3295	21.6
3296	20.87
3297	21.065
3298	21
3299	21.395
3300	21.95
3301	21.33
3302	22.1
3303	22.055
3304	23.36
3305	23.745
3306	22.165
3307	20.25
3308	18.925
3309	19.38
3310	19.51
3311	17.445
3312	15.57
3313	17.9
3314	17.385
3315	18.33
3316	18.96
3317	17.69
3318	17.145
3319	16.925
3320	15.305
3321	16.645
3322	17.55
3323	20.5
3324	19.92
3325	21.08
3326	20
3327	18.97
3328	18.04
3329	19.6
3330	20.69
3331	20.51
3332	20.755
3333	21.85
3334	23.155
3335	21.605
3336	20.835
3337	20.25
3338	19.24
3339	19.45
3340	17.965
3341	18.97
3342	19.75
3343	19
3344	18.765
3345	22.995
3346	23.39
3347	21.1
3348	17.675
3349	17.6
3350	18.615
3351	17.925
3352	17.495
3353	18.765
3354	18.2
3355	18.1
3356	18.855
3357	18.625
3358	17.655
3359	17.635
3360	16.945
3361	16.665
3362	16.01
3363	15.465
3364	15.05
3365	15.505
3366	15.83
3367	17.35
3368	17.28
3369	18.08
3370	17.5
3371	18.905
3372	20.145
3373	20.27
3374	20
3375	19.1
3376	19.555
3377	18.6
3378	17.72
3379	16.305
3380	16.305
3381	16.545
3382	16.45
3383	17.215
3384	16.63
3385	17.18
3386	17.22
3387	17.22
3388	16.86
3389	16.345
3390	16.695
3391	17.205
3392	17.685
3393	17.6
3394	17
3395	16.08
3396	15.565
3397	15
3398	15.745
3399	15.9
3400	16.295
3401	16.34
3402	16.545
3403	16.86
3404	17.76
3405	20.095
3406	21.005
3407	22.8
3408	21.57
3409	21
3410	21.01
3411	21.07
3412	19.71
3413	20.365
3414	21.57
3415	22.61
3416	24.25
3417	23.55
3418	23.835
3419	23.845
3420	25.13
3421	23.25
3422	22.74
3423	21.9
3424	22.38
3425	22.555
3426	24.025
3427	24.165
3428	24.3
3429	23.225
3430	23
3431	24.43
3432	23.71
3433	24.18
3434	24.25
3435	25.06
3436	25.395
3437	24.945
3438	23
3439	23.78
3440	24.67
3441	24.415
3442	23.99
3443	24.575
3444	24.845
3445	24.725
3446	25.22
3447	25.075
3448	24.64
3449	24.195
3450	23.45
3451	23.935
3452	23.83
3453	23.55
3454	22.87
3455	21.945
3456	21.965
3457	21.93
3458	21.115
3459	20.375
3460	20.225
3461	20.225
3462	20.225
3463	18.97
3464	18.97
3465	18.9
3466	17.805
3467	17.095
3468	18.565
3469	17.635
3470	16.72
3471	17.3
3472	16.625
3473	17.18
3474	18.255
3475	17.62
3476	18.16
3477	17.86
3478	17.86
3479	18.03
3480	17.265
3481	17.295
3482	17.99
3483	17.135
3484	16.75
3485	17.505
3486	17.21
3487	16.495
3488	15.795
3489	16.05
3490	15.465
3491	15.82
3492	15.895
3493	16.64
3494	15.92
3495	16.285
3496	16.27
3497	16.15
3498	16.08
3499	15.915
3500	16.06
3501	15.965
3502	16.525
3503	17.19
3504	17.715
3505	17.725
3506	17.515
3507	16.965
3508	16.805
3509	16.775
3510	16.93
3511	17.78
3512	17.015
3513	17.475
3514	17.975
3515	17.74
3516	17.795
3517	16.745
3518	16.5
3519	17.09
3520	16.74
3521	18.41
3522	18.95
3523	18.665
3524	18.845
3525	18.59
3526	17.525
3527	17.51
3528	17.55
3529	17.59
3530	17.205
3531	17.18
3532	17.18
3533	17.37
3534	17.415
3535	17.135
3536	16.39
3537	15.64
3538	15.4
3539	15.585
3540	16.97
3541	18
3542	18.685
3543	18.01
3544	18.105
3545	16.8
3546	18.525
3547	18.925
3548	19.395
3549	19.605
3550	19.865
3551	20.07
3552	20.265
3553	20.26
3554	20.34
3555	20.95
3556	21.55
3557	20.77
3558	21.57
3559	21.25
3560	20.745
3561	20.57
3562	20.98
3563	20.995
3564	20.85
3565	20.465
3566	21.05
3567	21.02
3568	20.76
3569	21.275
3570	22.925
3571	24.49
3572	24.405
3573	24.66
3574	24.73
3575	23.925
3576	24.75
3577	25.03
3578	24.1
3579	24.1
3580	23.555
3581	23.795
3582	23.405
3583	23.955
3584	22.425
3585	22.79
3586	22.1
3587	22.95
3588	22.58
3589	22.505
3590	22.895
3591	23.75
3592	23.145
3593	22.93
3594	22.74
3595	23.845
3596	23.975
3597	24.345
3598	25.285
3599	26.115
3600	26.775
3601	26.1
3602	26.01
3603	25.43
3604	25.175
3605	24.885
3606	24.64
3607	24.4
3608	25.05
3609	24.525
3610	25.005
3611	25.39
3612	24.77
3613	25.33
3614	24.59
3615	24.995
3616	24.62
3617	24.905
3618	25.345
3619	24.995
3620	25.14
3621	24.435
3622	25.785
3623	26.255
3624	26.635
3625	26.84
3626	27.135
3627	26.44
3628	27.025
3629	27.15
3630	27.815
3631	27.805
3632	27.94
3633	28.51
3634	28.195
3635	28.625
3636	29.275
3637	28.815
3638	29.255
3639	29.525
3640	29.13
3641	29.245
3642	29.59
3643	29.75
3644	29.75
3645	29.485
3646	28.875
3647	28.65
3648	28.65
3649	28.65
3650	28.9
3651	28.15
3652	28.34
3653	28.34
3654	29.85
3655	29.575
3656	29.33
3657	30.13
3658	31.085
3659	32.15
3660	32.7
3661	32.895
3662	34.14
3663	33.49
3664	32.54
3665	32.78
3666	33.24
3667	33.955
3668	33.5
3669	32.34
3670	33.12
3671	33.725
3672	34.06
3673	33.585
3674	33.02
3675	33.275
3676	33.74
3677	32.125
3678	32.655
3679	31.5
3680	31.055
3681	31.95
3682	31.555
3683	32.665
3684	31.5
3685	30.405
3686	29.99
3687	30.495
3688	31.155
3689	30.67
3690	29.28
3691	29.82
3692	29.825
3693	28.2
3694	29.175
3695	29.41
3696	28.65
3697	28.665
3698	29.835
3699	29.64
3700	29.46
3701	30.845
3702	30.925
3703	30.62
3704	30.055
3705	30.5
3706	29.975
3707	28.975
3708	27.84
3709	28.19
3710	28.14
3711	27.43
3712	25.78
3713	25.735
3714	25.475
3715	25.63
3716	25.63
3717	25.63
3718	26.54
3719	25.725
3720	25.42
3721	25.395
3722	25.095
3723	25.26
3724	26.805
3725	27.19
3726	26.4
3727	26.1
3728	26.155
3729	25.175
3730	24.3
3731	24.78
3732	24.995
3733	26.76
3734	26.785
3735	26.965
3736	26.725
3737	27.2
3738	27.58
3739	27.58
3740	27.78
3741	28.545
3742	28.52
3743	30.14
3744	30.72
3745	30.68
3746	30.065
3747	29.845
3748	29.995
3749	30.6
3750	30.765
3751	31.5
3752	32.155
3753	32
3754	32.13
3755	30.885
3756	30.635
3757	30.925
3758	31.88
3759	31.01
3760	31.09
3761	30.86
3762	30.595
3763	31.03
3764	30.425
3765	29.615
3766	30.145
3767	29.715
3768	29.195
3769	28.455
3770	28.255
3771	28.56
3772	28.94
3773	29.07
3774	28.805
3775	27.54
3776	26.95
3777	26.58
3778	26.71
3779	27.65
3780	27.55
3781	26.4
3782	26.715
3783	26.4
3784	25.865
3785	27.205
3786	26.995
3787	27.66
3788	27.735
3789	27.785
3790	27.875
3791	27.895
3792	28.285
3793	27.94
3794	27.92
3795	29.115
3796	29.28
3797	29.72
3798	29.51
3799	30.29
3800	30.445
3801	30.445
3802	30.535
3803	30.5
3804	30.215
3805	33.35
3806	34.055
3807	34.425
3808	33.555
3809	34.38
3810	35.2
3811	35.74
3812	35.6
3813	35.145
3814	35.515
3815	35.33
3816	35.92
3817	34.995
3818	34
3819	33.82
3820	34.675
3821	34.895
3822	34.405
3823	32.805
3824	33.075
3825	33.67
3826	33.115
3827	34.17
3828	33.83
3829	33.875
3830	34.08
3831	34.81
3832	35.405
3833	36.745
3834	37.065
3835	36.74
3836	36.8
3837	37.405
3838	37.355
3839	38.025
3840	38.23
3841	37.9
3842	37.44
3843	37.475
3844	37.325
3845	37.06
3846	37.165
3847	36.83
3848	37.85
3849	38.8
3850	38.21
3851	38.92
3852	39.27
3853	38.395
3854	38.96
3855	40.435
3856	40.595
3857	40.685
3858	41.57
3859	41.845
3860	41.835
3861	42.48
3862	41.715
3863	41.71
3864	40.7
3865	41.395
3866	40.9
3867	40.13
3868	40.805
3869	40.755
3870	41.82
3871	41.62
3872	41.425
3873	40.35
3874	40.57
3875	41.745
3876	40.77
3877	40.98
3878	40.765
3879	40.715
3880	41.04
3881	41.475
3882	41.72
3883	40.945
3884	40.46
3885	40.425
3886	40.565
3887	41.49
3888	41.45
3889	41.995
3890	42.26
3891	42.335
3892	42.175
3893	40.8
3894	40.375
3895	39.73
3896	40.42
3897	40.655
3898	40.16
3899	39.84
3900	39.535
3901	39.455
3902	40.185
3903	39.57
3904	40.235
3905	40.835
3906	40.895
3907	41.5
3908	41.5
3909	41.5
3910	41.5
3911	42.005
3912	42.1
3913	42.22
3914	42.22
3915	41.52
3916	41.325
3917	41.71
3918	43.39
3919	44.68
3920	44.57
3921	44
3922	44.945
3923	44.61
3924	46.23
3925	45.19
3926	44.85
3927	44.4
3928	44.55
3929	44.63
3930	44.48
3931	42.8
3932	42.815
3933	43.425
3934	43.235
3935	42.93
3936	42.08
3937	40.98
3938	42.225
3939	42.62
3940	43.56
3941	43.895
3942	43.925
3943	44.265
3944	46.35
3945	46.77
3946	47.2
3947	47.155
3948	47.08
3949	46.8
3950	46.72
3951	47.29
3952	47.95
3953	47.535
3954	47.86
3955	48.2
3956	48.375
3957	45.75
3958	47.3
3959	47.68
3960	47.505
3961	46.91
3962	47.025
3963	46.45
3964	46.005
3965	44.985
3966	44
3967	44.34
3968	45.045
3969	44.89
3970	45.275
3971	44.705
3972	43.42
3973	43.74
3974	44.275
3975	43.965
3976	44.555
3977	44.705
3978	46.67
3979	46.85
3980	47.39
3981	47.645
3982	46.32
3983	45.525
3984	45.09
3985	44.375
3986	43.76
3987	43.055
3988	42.03
3989	42.655
3990	43.195
3991	43.195
3992	43.195
3993	44.025
3994	43.845
3995	44.05
3996	43.2
3997	43.2
3998	45.1
3999	44.8
4000	44.8
4001	44.935
4002	44.435
4003	43.875
4004	43.515
4005	44.845
4006	44.15
4007	44.32
4008	43.91
4009	43.19
4010	42.01
4011	41.655
4012	40.96
4013	41.435
4014	42.265
4015	42.13
4016	42.375
4017	43.13
4018	42.42
4019	43.035
4020	43.2
4021	42.265
4022	42.11
4023	41.96
4024	41.965
4025	43.005
4026	44.38
4027	44.615
4028	44.315
4029	43.155
4030	42.635
4031	42.185
4032	41.65
4033	41.8
4034	41.45
4035	41.87
4036	40.87
4037	40.7
4038	40.33
4039	39.88
4040	39.35
4041	38.985
4042	38.255
4043	39.315
4044	39.225
4045	40.18
4046	39.205
4047	38.825
4048	37.86
4049	37.5
4050	36.695
4051	36.82
4052	37.305
4053	36.925
4054	38.035
4055	37.73
4056	38.01
4057	37.495
4058	37.85
4059	38.025
4060	39.1
4061	38.645
4062	38.535
4063	39.06
4064	38.535
4065	37.555
4066	36.84
4067	36.955
4068	36.455
4069	35.78
4070	35.41
4071	35.59
4072	35.675
4073	35.575
4074	36.16
4075	35.915
4076	35.785
4077	36.255
4078	36.665
4079	36.525
4080	37.51
4081	37.54
4082	38.65
4083	39.315
4084	39.37
4085	38.545
4086	38.555
4087	38.315
4088	38.375
4089	39.365
4090	41
4091	41.41
4092	41.495
4093	41.05
4094	41.3
4095	41.575
4096	41.655
4097	41.295
4098	40.8
4099	40.965
4100	41.54
4101	41.39
4102	40.855
4103	40.19
4104	40.93
4105	40.485
4106	40.675
4107	40
4108	40.42
4109	40.665
4110	38.61
4111	39.55
4112	39.975
4113	38.92
4114	38.495
4115	37.655
4116	36.79
4117	37.015
4118	37.06
4119	35.145
4120	34.385
4121	36.195
4122	36.17
4123	37.505
4124	37.76
4125	38.605
4126	38.835
4127	37.765
4128	38.43
4129	37.285
4130	37.17
4131	38.415
4132	38.505
4133	37.655
4134	38.005
4135	37.07
4136	36.18
4137	36.115
4138	36.32
4139	35.175
4140	35.53
4141	35.895
4142	36.41
4143	36.98
4144	36.99
4145	36.445
4146	38.005
4147	38.8
4148	39.495
4149	39.305
4150	39.68
4151	39.89
4152	39.195
4153	39.005
4154	39.115
4155	38.015
4156	39.28
4157	38.645
4158	37.23
4159	36.79
4160	36.515
4161	35.35
4162	34.365
4163	34.185
4164	33.885
4165	35.22
4166	34.46
4167	34.805
4168	35.475
4169	35.455
4170	35.455
4171	35.455
4172	35.26
4173	34.815
4174	34.99
